a200
201.655807495
199.357933998
197.707233429
197.039580345
197.535200119
198.858218193
201.106939316
197.793250084
197.707233429
197.40003109
198.034915924
198.735337257
198.620648384
197.686753273
199.030251503
198.977003098
199.579119682
198.120932579
197.137885094
199.939570427
197.518815994
199.288301468
197.260766029
197.879266739
197.621216774
200.934906006
199.788017273
197.535200119
199.202284813
197.088732719
197.948899269
197.584352493
197.191133499
198.788585663
198.084068298
197.604832649
197.621216774
198.546919823
199.030251503
198.034915924
197.965283394
200.320501328
197.707233429
197.658081055
198.669800758
199.353837967
197.674465179
197.174749374
199.218668938
199.599599838
202.139139175
197.465567589
199.820785522
198.411750793
197.29763031
197.309918404
197.40003109
199.960050583
197.072348595
197.121500969
197.309918404
198.256101608
197.395935059
199.083499908
197.723617554
198.804969788
198.481383324
198.993387222
198.895082474
197.588448524
197.621216774
197.395935059
197.846498489
200.074739456
198.342118263
198.653416634
197.965283394
199.353837967
199.271917343
198.051300049
198.735337257
198.563303947
197.826018333
197.50243187
198.223333359
198.772201538
201.610751152
197.760481834
199.239149094
200.590839386
198.739433289
199.235053062
198.116836548
197.653985023
198.223333359
197.15836525
197.690849304
197.260766029
196.26543045
197.088732719
197.383646965
197.211613655
194.119110107
198.292965889
198.718953133
197.281246185
197.793250084
198.616552353
197.727713585
198.649320602
198.944234848
197.260766029
198.620648384
200.009202957
200.820217133
198.190565109
