a200
203.597326279
203.462157249
203.908624649
204.801559448
201.901569366
203.306508064
203.208203316
202.91328907
204.391956329
204.183058739
203.068938255
202.278404236
202.999305725
202.999305725
202.036738396
203.08532238
203.462157249
203.634190559
202.655239105
203.929104805
201.881089211
202.63885498
202.84365654
203.25735569
202.6019907
202.380805016
204.35918808
201.299452782
204.973592758
203.67105484
203.032073975
204.387860298
203.032073975
203.462157249
202.56922245
203.482637405
207.103528976
201.590270996
202.675719261
203.310604095
206.349859238
201.864705086
201.725440025
202.020354271
204.064273834
203.25735569
202.552838326
202.1555233
204.047889709
203.019785881
201.91385746
203.35975647
201.778688431
205.043225288
203.15495491
202.483205795
204.097042084
204.18715477
202.585606575
204.166674614
204.252691269
204.215826988
203.789839745
201.606655121
201.778688431
206.812710762
206.128673553
204.441108704
202.91328907
205.129241943
204.166674614
204.408340454
203.343372345
204.150290489
203.01568985
203.204107285
205.456924438
204.064273834
204.854807854
203.273739815
202.876424789
204.080657959
202.069506645
203.273739815
206.779942513
202.536454201
205.059609413
202.073602676
202.548742294
204.322323799
205.747742653
203.859472275
202.32755661
201.897473335
202.364420891
205.608477592
203.789839745
205.301275253
202.655239105
203.515405655
205.796895027
202.962441444
203.650574684
201.950721741
205.989408493
202.434053421
201.22572422
203.22458744
202.81088829
203.892240524
203.736591339
202.67162323
201.897473335
205.780510902
203.273739815
204.338707924
