a200
210.110015869
209.21708107
207.500844002
209.200696945
208.258609772
209.38911438
209.200696945
208.254513741
208.786997795
211.367497444
210.1141119
207.549996376
209.180216789
208.377394676
207.705645561
209.937982559
208.479795456
208.270897865
209.221177101
208.414258957
208.344626427
210.351681709
209.081912041
209.90521431
207.726125717
208.188977242
205.440540314
207.930927277
208.979511261
207.857198715
209.151544571
210.372161865
209.835581779
207.984175682
208.098864555
209.167928696
208.102960587
208.995895386
209.405498505
208.565812111
208.21764946
208.77061367
208.340530396
208.807477951
209.049143791
207.894062996
209.888830185
208.086576462
210.716228485
210.953798294
208.291378021
208.70098114
209.098296165
208.168497086
208.582196236
210.814533234
209.01227951
207.275562286
209.565243721
206.538276672
208.414258957
209.425978661
207.914543152
209.131064415
208.049712181
209.04504776
208.42654705
208.647732735
208.0128479
209.839677811
213.481049538
207.828526497
208.721461296
209.90521431
207.910447121
210.949702263
208.651828766
210.302529335
208.754229546
208.274993896
209.270329475
208.049712181
209.393210411
208.582196236
210.454082489
209.97484684
208.270897865
207.758893967
209.70041275
210.21651268
210.31891346
209.07781601
208.737845421
209.937982559
208.188977242
208.479795456
207.398443222
207.947311401
210.24928093
209.032759666
209.442362785
212.567634583
209.49151516
207.619628906
208.94264698
209.577531815
208.533043861
209.335865974
209.77004528
209.31948185
209.921598434
208.033328056
208.959031105
207.619628906
209.835581779
210.31891346
