a200
195.388879776
196.044244766
194.631114006
194.393544197
194.303431511
197.068252563
195.26599884
195.405263901
196.830682755
195.88449955
193.979845047
194.958796501
196.072916985
195.937747955
195.352015495
194.700746536
194.872779846
195.012044907
194.614729881
195.67969799
194.663882256
194.684362411
195.302863121
196.212182045
195.67969799
194.92193222
194.323911667
195.556817055
196.40059948
194.909644127
194.840011597
195.077581406
196.060628891
191.624627113
194.766283035
196.02376461
196.60949707
195.67969799
194.991564751
195.282382965
194.663882256
195.904979706
194.528713226
196.933083534
195.286478996
195.458512306
193.856964111
196.060628891
194.495944977
195.560913086
195.67969799
194.651594162
197.363166809
196.71189785
196.040148735
195.319247246
195.749330521
195.716562271
195.970516205
196.830682755
195.491280556
194.581961632
193.754563332
196.64226532
195.67969799
195.593681335
195.818963051
194.426312447
195.179982185
194.614729881
194.717130661
198.034915924
195.50766468
198.358502388
194.303431511
194.581961632
193.914308548
195.872211456
196.847066879
195.818963051
194.340295792
196.64226532
196.830682755
195.818963051
197.653985023
195.524048805
195.593681335
195.110349655
194.217414856
194.975180626
194.700746536
197.809634209
197.535200119
195.454416275
195.921363831
195.19636631
194.115014076
195.8517313
195.491280556
196.691417694
195.95413208
196.244950294
195.491280556
196.040148735
194.119110107
195.167694092
196.26543045
195.749330521
195.077581406
195.352015495
195.71246624
195.249614716
195.868115425
194.102725983
194.823627472
194.872779846
