a200
-1.0
-1.0
-1.0
-1.0
194.270663261
193.738179207
196.88393116
-1.0
-1.0
193.447360992
-1.0
-1.0
-1.0
197.33039856
-1.0
-1.0
-1.0
-1.0
-1.0
195.835347176
-1.0
-1.0
197.314014435
-1.0
-1.0
-1.0
-1.0
-1.0
-1.0
195.732946396
-1.0
195.835347176
-1.0
-1.0
196.916699409
-1.0
-1.0
-1.0
-1.0
-1.0
194.184646606
-1.0
195.630545616
196.163029671
-1.0
-1.0
194.803147316
-1.0
196.98633194
196.830682755
-1.0
195.786194801
-1.0
196.077013016
-1.0
-1.0
-1.0
-1.0
-1.0
196.625881195
-1.0
-1.0
196.384215355
-1.0
-1.0
195.78209877
-1.0
196.933083534
193.033661842
-1.0
-1.0
-1.0
-1.0
196.36783123
195.577297211
197.465567589
197.105116844
-1.0
-1.0
-1.0
-1.0
-1.0
-1.0
194.442696571
195.630545616
-1.0
-1.0
196.077013016
-1.0
193.963460922
-1.0
-1.0
