a100.5
98.7512159348
99.6605348587
99.558134079
99.1280508041
99.6605348587
99.1116666794
99.4557332993
99.6646308899
99.4885015488
99.4352531433
99.5786142349
99.5909023285
99.5212697983
98.4767818451
98.9068651199
99.32056427
99.4885015488
100.139770508
99.6769189835
98.4767818451
100.160250664
99.558134079
99.4557332993
99.472117424
99.9349689484
98.8372325897
99.9185848236
99.709687233
99.1280508041
99.0952825546
99.1280508041
99.3000841141
100.004601479
99.7301673889
100.246267319
99.1444349289
98.7307357788
99.7465515137
100.193018913
100.004601479
99.3328523636
100.193018913
98.800368309
99.5417499542
98.6815834045
99.1608190536
99.0051698685
98.8740968704
98.7512159348
99.7629356384
99.5417499542
98.8167524338
99.6441507339
99.9677371979
99.6441507339
99.1976833344
98.6283349991
99.7629356384
99.6277666092
99.5089817047
98.4235334396
98.6651992798
99.2673158646
99.6441507339
99.5417499542
100.057849884
99.5745182037
98.73483181
99.4885015488
99.7629356384
99.558134079
99.3164682388
99.8325681686
99.5417499542
99.472117424
99.6072864532
98.6160469055
99.9677371979
98.9560174942
99.0952825546
99.4516372681
99.5089817047
99.5417499542
99.1812992096
99.0256500244
99.0911865234
99.1444349289
99.3656206131
100.025081635
99.5909023285
98.6160469055
99.6441507339
99.1280508041
99.5745182037
98.9027690887
94.7125291824
99.7465515137
99.472117424
99.4393491745
98.7307357788
99.709687233
99.5212697983
100.074234009
99.5909023285
99.0788984299
99.1280508041
99.6072864532
98.9396333694
98.6119508743
100.020985603
98.6979675293
98.8372325897
99.0584182739
98.3907651901
100.176634789
99.9022006989
100.213499069
99.6605348587
99.6072864532
99.2673158646
100.123386383
99.4024848938
100.107002258
99.8694324493
98.5259342194
99.9185848236
99.1280508041
100.127482414
98.6651992798
98.7512159348
99.9677371979
99.2140674591
99.5048856735
100.074234009
99.2304515839
99.558134079
99.6605348587
98.6979675293
99.5417499542
98.6324310303
99.8366641998
99.1976833344
99.3164682388
99.4188690186
99.2836999893
99.4393491745
98.8044643402
99.3328523636
99.9554491043
98.7143516541
99.5253658295
98.9068651199
99.7301673889
99.4188690186
99.1280508041
98.8700008392
99.6973991394
99.4229650497
100.020985603
99.386100769
98.9560174942
98.7143516541
99.9226808548
99.558134079
99.1976833344
99.6605348587
99.6810150146
98.800368309
98.6324310303
98.8044643402
99.0420341492
99.0911865234
98.9027690887
99.9349689484
100.123386383
98.6651992798
98.800368309
99.1444349289
99.5909023285
99.3164682388
99.3533325195
99.6933031082
99.1976833344
100.074234009
99.6605348587
98.5791826248
99.7301673889
99.5417499542
98.9560174942
99.5786142349
99.537653923
98.6815834045
99.5745182037
99.5048856735
98.9601135254
98.7307357788
99.558134079
98.7676000595
99.3164682388
99.6072864532
99.0092658997
99.8530483246
99.1116666794
99.7301673889
99.8530483246
99.3533325195
98.7471199036
99.0625143051
99.5417499542
99.558134079
98.7143516541
100.209403038
99.6810150146
99.1485309601
99.5745182037
99.4885015488
99.0788984299
98.1982517242
99.6810150146
98.8700008392
99.1444349289
98.5627985001
99.6441507339
98.5627985001
98.7143516541
99.3656206131
99.1812992096
98.5423183441
99.2345476151
99.0625143051
99.1116666794
99.5089817047
98.8044643402
98.6651992798
99.558134079
99.6277666092
99.0584182739
100.037369728
98.6815834045
99.1116666794
99.386100769
99.0461301804
99.472117424
99.9882173538
100.176634789
99.4393491745
99.9718332291
99.7137832642
99.4393491745
99.7629356384
99.6277666092
99.3697166443
99.6072864532
99.5417499542
99.558134079
99.5417499542
99.1608190536
98.8536167145
99.558134079
99.4557332993
96.6376638412
99.0256500244
99.537653923
99.2140674591
99.5212697983
99.558134079
99.1812992096
99.5253658295
99.7465515137
99.2304515839
99.472117424
99.0051698685
99.5417499542
99.1976833344
99.5417499542
99.4393491745
99.709687233
99.2509317398
98.7676000595
99.1116666794
99.0584182739
99.623670578
99.4352531433
99.6605348587
100.090618134
100.139770508
99.0420341492
99.709687233
99.5909023285
94.5445919037
99.1485309601
99.558134079
99.5253658295
98.6979675293
99.0584182739
100.041465759
99.2632198334
99.2140674591
98.9560174942
99.0584182739
99.1444349289
99.1280508041
99.2673158646
99.472117424
99.0092658997
99.6441507339
98.6283349991
99.8817205429
99.2836999893
99.9718332291
99.6605348587
99.1935873032
100.004601479
99.6113824844
100.041465759
99.6277666092
98.7184476852
99.1444349289
98.4726858139
99.0256500244
99.5253658295
99.7301673889
99.0461301804
99.1485309601
98.8904809952
99.6072864532
99.9185848236
99.558134079
99.1444349289
99.386100769
99.1116666794
99.3492364883
99.9718332291
98.6815834045
99.7506475449
100.074234009
98.6856794357
99.4393491745
99.9554491043
99.0092658997
99.5048856735
98.9560174942
98.7676000595
98.4071493149
98.5464143753
99.558134079
99.0584182739
99.7137832642
99.5745182037
98.9928817749
99.0420341492
99.4229650497
100.541181564
97.1209955215
99.4885015488
99.6441507339
99.1116666794
99.6605348587
98.6651992798
99.9718332291
98.6651992798
99.9185848236
99.9349689484
99.9554491043
98.4931659698
99.1280508041
98.9560174942
99.5909023285
99.2140674591
99.5417499542
99.2468357086
99.6973991394
98.5627985001
99.5253658295
99.6973991394
99.5253658295
99.5417499542
99.6277666092
98.972401619
99.3000841141
99.0788984299
99.7137832642
99.8858165741
99.2304515839
100.176634789
99.7465515137
98.6651992798
98.6119508743
99.4557332993
100.160250664
98.5627985001
98.9396333694
98.7184476852
98.7471199036
98.9887857437
99.6441507339
99.1976833344
99.5417499542
99.9882173538
99.3697166443
99.1812992096
98.6324310303
99.1608190536
98.3539009094
99.4188690186
99.0092658997
98.2187318802
100.090618134
99.0584182739
99.5212697983
99.5745182037
98.14909935
99.5949983597
99.9718332291
99.9513530731
98.648815155
99.0584182739
98.6160469055
99.7793197632
99.4393491745
99.472117424
99.1444349289
98.9396333694
99.5745182037
99.9349689484
100.160250664
100.037369728
98.7143516541
99.3000841141
100.020985603
99.0911865234
100.041465759
98.648815155
100.160250664
99.6113824844
99.32056427
98.9560174942
100.143866539
99.1444349289
99.0584182739
99.5417499542
98.6119508743
99.4885015488
99.0584182739
99.6072864532
100.160250664
98.6651992798
98.9232492447
98.3743810654
99.6441507339
99.2836999893
97.4650621414
99.0748023987
99.0584182739
98.8044643402
99.558134079
99.6769189835
98.9887857437
99.7301673889
99.4024848938
98.6119508743
99.1280508041
99.6646308899
100.004601479
99.0256500244
99.2345476151
98.6651992798
99.5745182037
98.8700008392
99.7137832642
100.053753853
98.9764976501
98.648815155
98.7143516541
98.5791826248
99.1280508041
99.2304515839
99.9882173538
99.2509317398
99.0952825546
98.6815834045
98.6815834045
99.9677371979
99.3328523636
99.9882173538
99.0584182739
99.6400547028
98.8372325897
99.0584182739
99.0952825546
98.6447191238
99.7997999191
99.4352531433
99.1444349289
99.6605348587
99.0420341492
99.5786142349
99.4024848938
99.3533325195
99.0051698685
99.1485309601
99.8161840439
98.5587024689
99.7670316696
99.0625143051
99.2304515839
99.8858165741
98.6979675293
99.3164682388
98.7716960907
98.7839841843
99.4024848938
99.2468357086
99.6113824844
99.7670316696
99.6769189835
99.5949983597
99.8858165741
99.2673158646
100.090618134
99.6441507339
99.5253658295
99.386100769
99.5417499542
99.3328523636
98.6119508743
98.2515001297
100.315899849
99.1649150848
99.472117424
99.3697166443
99.5949983597
99.6277666092
99.1608190536
99.0952825546
99.5745182037
99.4393491745
99.1444349289
99.7465515137
99.9718332291
100.139770508
100.090618134
99.2304515839
99.6441507339
99.2345476151
99.1649150848
99.2796039581
98.9027690887
98.7880802155
99.4188690186
99.1444349289
96.8629455566
99.4885015488
99.0788984299
99.3656206131
98.5423183441
99.1280508041
99.5745182037
99.5745182037
99.1280508041
98.820848465
98.5095500946
98.6447191238
98.6651992798
99.558134079
99.5417499542
99.0461301804
99.5909023285
99.2140674591
99.0748023987
99.3697166443
99.5949983597
94.4380950928
98.972401619
99.9841213226
98.886384964
99.472117424
99.2632198334
99.6810150146
99.1444349289
99.8981046677
98.7676000595
99.1116666794
99.4516372681
98.5627985001
98.820848465
99.9554491043
99.6605348587
99.558134079
99.6605348587
99.3697166443
99.1649150848
98.7676000595
99.5949983597
99.1280508041
98.9396333694
99.1444349289
98.5791826248
99.6072864532
99.1608190536
100.209403038
99.2509317398
99.1485309601
99.0788984299
99.1116666794
100.020985603
99.5909023285
100.176634789
99.3369483948
99.6605348587
99.2468357086
99.1116666794
99.4393491745
99.7301673889
99.9185848236
98.6119508743
99.5949983597
98.1818675995
99.5048856735
99.6072864532
99.472117424
99.1976833344
99.2140674591
99.3369483948
98.9887857437
99.2632198334
99.558134079
99.0788984299
99.0420341492
99.5949983597
99.3533325195
99.5417499542
98.6119508743
99.472117424
99.1976833344
98.4726858139
96.2239646912
99.3369483948
99.9513530731
98.8331365585
96.588511467
99.1280508041
99.4024848938
100.037369728
100.090618134
99.3697166443
99.32056427
99.2304515839
99.9718332291
99.3492364883
100.053753853
100.139770508
99.8161840439
99.623670578
99.6933031082
99.1812992096
99.9882173538
99.2673158646
99.6605348587
98.8700008392
100.004601479
99.6113824844
99.1812992096
99.1935873032
99.2632198334
99.4393491745
99.1812992096
98.3907651901
99.1485309601
99.6933031082
99.7629356384
99.2836999893
99.1976833344
99.9718332291
98.9232492447
99.5089817047
98.820848465
99.8325681686
98.9068651199
99.6933031082
100.123386383
98.7184476852
99.6973991394
99.0420341492
98.7716960907
99.1485309601
99.386100769
99.3328523636
99.1280508041
99.5745182037
99.0911865234
99.0625143051
98.6979675293
99.709687233
99.2673158646
99.7997999191
99.5949983597
98.0303144455
99.6605348587
98.6979675293
96.2772130966
98.9601135254
99.4024848938
99.623670578
100.127482414
99.8858165741
98.7020635605
99.4024848938
98.7676000595
99.0748023987
98.9560174942
100.111098289
99.9718332291
99.5745182037
99.0584182739
99.4885015488
100.107002258
98.9601135254
99.5909023285
99.4393491745
99.8653364182
99.2140674591
98.7512159348
99.4885015488
99.558134079
99.5253658295
99.4557332993
100.160250664
99.6605348587
98.5955667496
99.0256500244
98.6651992798
99.9185848236
99.4885015488
100.074234009
99.386100769
99.6441507339
98.972401619
98.7512159348
99.4024848938
98.5955667496
99.1444349289
98.7676000595
99.2304515839
99.3697166443
99.5417499542
99.3328523636
100.176634789
98.7512159348
99.2836999893
99.7629356384
99.0584182739
99.1649150848
100.246267319
99.9349689484
98.7880802155
98.6815834045
98.6979675293
97.4650621414
100.107002258
99.9718332291
99.6441507339
98.8700008392
100.229883194
100.143866539
100.090618134
100.025081635
98.7184476852
99.2468357086
99.558134079
99.2140674591
100.020985603
99.558134079
100.143866539
99.0788984299
100.094714165
99.9718332291
99.1444349289
98.8700008392
99.558134079
99.5253658295
99.6441507339
99.6277666092
99.1116666794
99.406580925
99.0420341492
99.5253658295
100.090618134
98.9027690887
99.5949983597
99.8694324493
99.0256500244
99.6441507339
100.176634789
99.1772031784
100.074234009
99.386100769
99.5212697983
99.7834157944
99.5745182037
99.1608190536
99.6441507339
99.5417499542
99.5909023285
98.7512159348
98.9396333694
99.5745182037
99.5417499542
98.9928817749
98.7143516541
99.4352531433
98.8167524338
98.5627985001
99.2140674591
99.4557332993
99.5786142349
99.1608190536
99.472117424
99.7301673889
99.1444349289
98.6815834045
99.6973991394
99.1976833344
99.3533325195
99.537653923
98.8577127457
99.1608190536
98.2515001297
99.7465515137
99.7465515137
99.3656206131
98.6651992798
98.648815155
99.5417499542
99.5909023285
98.5955667496
99.6810150146
99.558134079
99.6113824844
99.2181634903
99.4024848938
99.1608190536
98.5464143753
99.4557332993
99.3369483948
99.2140674591
99.6769189835
99.8653364182
99.8694324493
99.1649150848
98.9928817749
99.6441507339
99.4557332993
99.7997999191
98.3579969406
100.123386383
98.820848465
99.9022006989
98.7512159348
99.7506475449
99.7301673889
99.537653923
99.0256500244
99.1280508041
99.6277666092
99.1976833344
99.6769189835
99.3164682388
100.139770508
98.9887857437
99.4885015488
99.1280508041
98.4767818451
99.6441507339
99.0748023987
99.1280508041
99.4393491745
99.558134079
100.107002258
98.3907651901
99.0788984299
100.107002258
99.5909023285
98.7184476852
99.5089817047
100.025081635
99.2304515839
96.0355472565
99.6605348587
99.4885015488
99.0420341492
99.9882173538
100.037369728
99.1649150848
99.1772031784
98.9027690887
98.5955667496
99.1649150848
100.020985603
99.9513530731
99.6441507339
99.5253658295
98.972401619
99.4885015488
99.1772031784
99.6769189835
98.6979675293
98.886384964
99.7629356384
98.5423183441
98.1327152252
99.9022006989
99.1075706482
99.9185848236
99.9022006989
99.5089817047
98.7839841843
99.49259758
98.9027690887
99.2304515839
98.9232492447
99.472117424
99.2304515839
98.8536167145
99.2836999893
99.0584182739
99.1608190536
99.7137832642
99.3000841141
99.0788984299
99.0952825546
99.2836999893
99.6277666092
99.386100769
99.2673158646
99.7506475449
98.5627985001
99.709687233
99.0952825546
99.7793197632
98.8167524338
98.6979675293
99.5212697983
99.6113824844
99.5949983597
99.0625143051
99.6810150146
98.9928817749
99.1116666794
100.004601479
99.5089817047
99.6277666092
99.1608190536
99.472117424
99.0584182739
99.1976833344
99.1812992096
99.2673158646
100.123386383
100.020985603
99.4352531433
99.5253658295
99.9677371979
99.9718332291
98.648815155
99.0625143051
99.3533325195
98.7676000595
98.6815834045
99.9554491043
99.6933031082
99.9882173538
99.0256500244
99.7465515137
99.5949983597
99.4557332993
99.1608190536
99.6933031082
99.8530483246
98.8904809952
98.8536167145
99.3000841141
99.1444349289
98.7307357788
98.9068651199
100.262651443
99.9513530731
99.5745182037
99.1812992096
98.7512159348
100.074234009
99.2468357086
99.7301673889
99.1485309601
100.053753853
98.8904809952
99.7629356384
93.8523626328
99.0952825546
99.2836999893
98.5095500946
99.2673158646
100.225787163
98.7143516541
99.9022006989
99.3328523636
98.5791826248
99.386100769
99.7793197632
98.9560174942
98.6651992798
100.053753853
99.5048856735
99.6605348587
99.386100769
99.5048856735
99.5949983597
99.32056427
98.7512159348
98.7143516541
99.6072864532
98.800368309
98.820848465
99.1976833344
99.3369483948
99.1812992096
98.8372325897
99.6769189835
99.1772031784
98.1327152252
99.5048856735
98.7676000595
98.8700008392
98.7471199036
98.5259342194
99.4352531433
98.6651992798
99.5417499542
98.5955667496
99.1444349289
98.73483181
99.8325681686
99.9185848236
98.8372325897
98.9601135254
99.6810150146
99.5089817047
99.709687233
98.73483181
99.6646308899
99.7506475449
99.4557332993
99.0092658997
99.3000841141
99.5253658295
99.6605348587
99.406580925
99.3000841141
99.1444349289
99.6605348587
98.8700008392
99.1116666794
100.107002258
99.7670316696
99.6605348587
99.6973991394
99.6605348587
99.4188690186
99.6646308899
99.3369483948
99.5048856735
99.3697166443
98.0262184143
98.5791826248
99.7301673889
99.1976833344
98.5587024689
98.2187318802
99.7137832642
99.8858165741
99.0748023987
100.020985603
99.1280508041
99.1280508041
99.2673158646
98.8904809952
99.3041801453
99.4188690186
99.1116666794
99.558134079
99.6810150146
99.1649150848
100.004601479
98.9764976501
98.648815155
100.143866539
99.5212697983
99.623670578
99.3328523636
99.5949983597
98.8536167145
99.7834157944
98.3539009094
99.2345476151
98.9396333694
99.5417499542
99.2836999893
98.5955667496
98.9928817749
99.4885015488
99.2345476151
99.5417499542
99.9554491043
99.5212697983
100.025081635
98.4399175644
99.6605348587
99.7506475449
99.7834157944
99.3533325195
99.0420341492
99.472117424
99.1280508041
99.1116666794
98.5791826248
99.6810150146
99.558134079
98.820848465
99.5745182037
98.9396333694
98.4931659698
98.820848465
99.6113824844
98.886384964
98.820848465
100.004601479
98.5955667496
99.6810150146
100.193018913
99.9349689484
99.9677371979
99.9185848236
99.5949983597
98.9928817749
99.6277666092
99.558134079
99.386100769
99.6769189835
100.111098289
99.8325681686
99.1280508041
99.2140674591
98.6815834045
99.4885015488
99.9554491043
100.090618134
100.020985603
99.3164682388
98.972401619
99.5212697983
99.9554491043
