a100
96.9284820557
96.7236804962
96.9448661804
96.6212797165
97.6493835449
97.2561645508
96.8957138062
97.6698637009
97.2029161453
97.3094129562
97.3421812057
97.1209955215
96.9817304611
97.325797081
96.416478157
96.9448661804
97.1005153656
95.9495306015
96.8260812759
96.4451503754
96.6868162155
95.5030632019
97.1332836151
97.5346946716
97.0677471161
98.1818675995
96.9817304611
97.0144987106
97.5142145157
96.3468456268
97.6862478256
97.3954296112
95.0033473969
97.7026319504
96.7769289017
96.8096971512
97.0349788666
97.1332836151
96.6212797165
96.740064621
96.5516471863
96.4000940323
96.7564487457
96.2075805664
97.1005153656
96.8752336502
96.6376638412
96.7769289017
96.9284820557
97.0185947418
96.0887956619
96.4820146561
96.6007995605
97.5142145157
97.2561645508
96.2280607224
97.3421812057
97.0472669601
96.9981145859
96.3796138763
96.4983987808
96.1584281921
96.002779007
97.4814462662
97.1865320206
96.6007995605
97.4978303909
96.1215639114
96.9120979309
97.0841312408
97.1906280518
97.2029161453
97.0144987106
96.7564487457
97.305316925
96.4287662506
97.7190160751
97.1005153656
97.1906280518
96.4492464066
97.3790454865
97.8050327301
97.0144987106
97.0513629913
96.7236804962
96.4697265625
97.6862478256
97.39133358
97.4445819855
96.9653463364
97.2029161453
96.8957138062
97.1209955215
97.2193002701
95.830745697
97.0677471161
96.6212797165
97.6002311707
96.2608289719
97.1865320206
97.5469827652
97.5674629211
96.7933130264
97.1005153656
96.2116765976
96.654047966
97.1865320206
95.9659147263
96.7564487457
96.9612503052
97.3585653305
96.7236804962
96.8096971512
96.3796138763
96.4328622818
97.0144987106
97.1168994904
