a150
144.913487434
144.03693676
143.569989204
145.650773048
144.606285095
143.610949516
144.290890694
144.13933754
144.17620182
144.344139099
144.245834351
145.24116993
143.38157177
143.709254265
144.20897007
143.537220955
144.364619255
144.262218475
145.052752495
144.688205719
144.48340416
143.59046936
143.574085236
143.295555115
143.057985306
144.10656929
143.17677021
144.2786026
143.213634491
143.79527092
143.434820175
143.197250366
144.020552635
143.914055824
143.62323761
145.343570709
144.143433571
143.987784386
143.385667801
142.025785446
146.130008698
144.827470779
144.122953415
144.89710331
144.913487434
144.172105789
144.020552635
144.2786026
143.815751076
144.757838249
144.20897007
143.639621735
144.225354195
144.262218475
144.155721664
143.025217056
144.708685875
145.101904869
145.118288994
144.13933754
144.757838249
142.218298912
144.413771629
144.52026844
143.537220955
144.843854904
144.89710331
143.20953846
143.832135201
145.015888214
145.134673119
144.315466881
142.971968651
144.704589844
144.17620182
143.93453598
144.52026844
143.336515427
143.828039169
143.537220955
143.385667801
144.569420815
143.69287014
145.376338959
311.404867172
144.241738319
144.17620182
144.090185165
143.639621735
144.401483536
144.331851006
143.811655045
144.000072479
139.240484238
144.2786026
144.331851006
144.847950935
144.294986725
143.160386086
143.537220955
144.03693676
143.471684456
144.225354195
143.402051926
144.172105789
143.848519325
144.10656929
144.876623154
143.24640274
144.397387505
144.62266922
143.610949516
144.020552635
144.569420815
145.82690239
144.675917625
