a200
195.110349655
194.581961632
194.409928322
195.560913086
194.803147316
195.372495651
196.093397141
194.287047386
194.528713226
195.319247246
194.889163971
193.856964111
194.909644127
193.430976868
193.963460922
193.840579987
195.798482895
196.179413795
194.495944977
194.065861702
194.545097351
193.652162552
195.421648026
195.130829811
192.775611877
195.524048805
194.377160072
194.770379066
194.581961632
194.823627472
196.351447105
196.625881195
195.024333
196.81429863
195.421648026
194.872779846
195.405263901
194.631114006
194.926028252
194.426312447
194.663882256
196.12616539
196.64226532
196.416983604
195.50766468
196.26543045
195.900883675
194.995660782
195.78209877
194.188742638
195.71246624
194.147782326
195.335631371
194.561481476
195.765714645
194.561481476
194.737610817
194.512329102
194.598345757
195.50766468
194.373064041
196.625881195
194.307527542
196.43746376
194.135494232
194.528713226
195.352015495
196.81429863
194.479560852
195.044813156
195.626449585
195.130829811
194.045381546
196.109781265
194.442696571
196.146645546
195.421648026
196.384215355
194.942412376
196.077013016
197.002716064
194.700746536
194.549193382
194.635210037
195.50766468
196.593112946
196.19579792
196.728281975
195.270094872
194.684362411
194.942412376
195.524048805
194.737610817
195.061197281
194.717130661
194.737610817
194.512329102
194.770379066
194.663882256
195.044813156
194.082245827
194.532809258
194.721226692
197.432799339
195.560913086
196.314582825
195.904979706
194.598345757
195.614161491
195.425744057
196.36783123
195.630545616
196.060628891
195.012044907
195.130829811
197.588448524
