a250
250.931062698
248.969063759
247.342939377
246.450004578
247.392091751
246.462292671
247.990112305
248.493924141
242.444086075
246.466388702
248.182625771
248.784742355
246.003537178
246.789975166
246.290259361
247.687005997
248.45705986
247.891807556
246.343507767
247.101273537
247.048025131
250.914678574
247.236442566
248.645477295
248.21539402
248.473443985
250.709877014
246.671190262
249.886574745
248.80112648
247.76892662
248.199009895
248.87075901
247.236442566
247.048025131
249.333610535
247.031641006
247.908191681
250.017647743
246.859607697
247.150425911
249.812846184
247.101273537
249.263978004
247.031641006
248.252258301
248.338274956
246.138706207
246.978392601
247.596893311
246.310739517
247.236442566
246.94152832
247.289690971
248.55946064
247.580509186
247.342939377
248.817510605
246.687574387
248.11299324
247.392091751
248.45705986
246.617941856
248.473443985
248.026976585
246.429524422
246.429524422
246.806359291
247.064409256
247.736158371
248.473443985
247.428956032
246.515541077
247.322459221
248.989543915
247.236442566
246.908760071
248.321890831
246.650710106
247.236442566
246.671190262
247.080793381
247.887711525
247.514972687
249.41962719
247.289690971
246.998872757
248.133473396
247.236442566
247.478108406
248.031072617
247.596893311
247.375707626
248.596324921
247.854943275
247.031641006
246.962008476
248.854374886
247.424860001
247.580509186
246.290259361
249.522027969
247.543644905
250.193777084
247.596893311
248.883047104
247.064409256
250.161008835
247.752542496
247.011160851
250.021743774
248.493924141
247.633757591
248.24816227
247.170906067
