a300
298.621153831
297.437400818
300.120301247
297.281751633
296.302800179
295.545034409
298.862819672
296.167631149
296.270031929
296.577234268
296.577234268
296.372432709
294.914245605
297.007317543
294.828228951
297.265367508
295.856332779
297.679066658
297.007317543
296.130766869
296.372432709
296.425681114
295.47949791
296.904916763
296.888532639
296.765651703
299.272422791
297.711834908
301.50885582
295.872716904
294.668483734
297.814235687
298.297567368
294.96339798
303.503623009
295.995597839
296.114382744
297.367768288
295.89319706
296.200399399
296.835284233
295.393481255
296.442065239
295.356616974
297.572569847
294.89376545
296.597714424
294.807748795
296.339664459
295.430345535
295.925965309
297.248983383
298.760418892
297.109718323
295.635147095
296.626386642
294.189248085
296.630482674
296.888532639
296.421585083
297.384152412
296.560850143
297.711834908
296.372432709
296.167631149
299.206886292
295.61876297
299.911403656
-1.0
292.489395142
296.356048584
298.416352272
297.646298409
296.442065239
296.474833488
297.814235687
296.700115204
296.495313644
296.732883453
295.200967789
295.925965309
295.614666939
297.060565948
299.862251282
296.335568428
297.679066658
295.96282959
295.819468498
296.663250923
295.54913044
296.405200958
305.719575882
292.300977707
295.803084373
297.351384163
296.663250923
296.663250923
-1.0
297.818331718
296.511697769
299.243750572
296.425681114
295.270600319
297.232599258
297.040085793
298.965220451
296.028366089
296.921300888
298.174686432
297.367768288
296.749267578
296.442065239
295.72116375
296.249551773
