a325
319.752578735
321.005964279
320.821642876
320.887179375
323.156380653
-1.0
321.935763359
319.682946205
320.817546844
323.479967117
320.52672863
321.591696739
324.168100357
323.410334587
322.763161659
324.290981293
320.66599369
324.630951881
321.370511055
321.350030899
321.608080864
323.668384552
325.560750961
321.97262764
-1.0
321.542544365
320.391559601
320.031108856
324.839849472
321.231245995
321.76782608
321.591696739
321.403279305
320.321927071
323.070363998
322.365846634
320.59636116
320.784778595
321.80059433
322.226581573
322.791833878
321.7309618
321.075596809
320.444808006
322.345366478
320.149893761
323.344798088
324.016547203
323.205533028
321.763730049
320.854411125
320.08026123
320.747914314
322.038164139
320.833930969
320.817546844
322.709913254
319.650177956
322.058644295
323.586463928
322.263445854
320.272774696
321.21486187
320.62912941
-1.0
320.87079525
320.08026123
321.18209362
321.919379234
321.849746704
321.14522934
320.919947624
323.103132248
315.955557823
320.682377815
-1.0
321.538448334
320.715146065
324.532647133
320.510344505
320.850315094
321.935763359
320.219526291
321.55892849
324.204964638
322.554264069
321.2844944
321.161613464
322.230677605
320.62912941
320.440711975
321.280398369
321.677713394
323.172764778
324.323749542
321.522064209
323.107228279
320.887179375
320.493960381
320.55949688
-1.0
322.587032318
320.235910416
321.026444435
321.90299511
321.161613464
324.393382072
319.687042236
320.477576256
321.075596809
320.52672863
321.80059433
