a350
347.29429245
345.471558571
346.966609955
346.12282753
346.8805933
347.171411514
347.12225914
346.81096077
346.4341259
346.95022583
347.875928879
346.966609955
346.540622711
346.827344894
346.073675156
346.4341259
347.036242485
348.084826469
347.945561409
345.971274376
348.703327179
346.520142555
347.310676575
348.424797058
346.176075935
345.832009315
345.385541916
348.408412933
347.003474236
351.468148232
349.010529518
346.741328239
346.50375843
347.245140076
346.126923561
346.622543335
346.26209259
346.417741776
346.794576645
345.643591881
347.601494789
345.95079422
345.283141136
348.514909744
346.278476715
347.843160629
348.789343834
346.8805933
347.994713783
346.348109245
347.912793159
347.945561409
345.664072037
346.126923561
345.573959351
348.408412933
347.376213074
347.429461479
346.53652668
347.548246384
347.654743195
346.692175865
346.46689415
345.782856941
347.347540855
347.585110664
349.424228668
347.331156731
349.784679413
346.348109245
347.515478134
348.219995499
346.987090111
346.401357651
347.29429245
346.196556091
348.154459
347.60559082
346.245708466
346.368589401
345.713224411
347.7079916
346.470990181
346.81096077
348.412508965
348.047962189
347.22465992
346.761808395
345.799241066
347.22465992
346.315340996
346.827344894
347.998809814
346.245708466
347.998809814
347.929177284
348.736095428
347.81039238
346.67579174
347.085394859
347.380309105
346.724944115
346.53652668
346.024522781
346.298956871
348.494429588
347.347540855
349.731431007
347.05262661
349.473381042
348.494429588
348.392028809
348.170843124
347.703895569
