a375
-1.0
-1.0
-1.0
372.173585892
-1.0
374.643492699
374.594340324
-1.0
374.92202282
373.938975334
-1.0
-1.0
-1.0
-1.0
-1.0
372.136721611
-1.0
372.808470726
-1.0
-1.0
-1.0
-1.0
-1.0
-1.0
374.455075264
372.448019981
371.895055771
372.976408005
372.034320831
372.92725563
372.411155701
-1.0
373.599004745
373.02965641
-1.0
372.292370796
371.792654991
-1.0
-1.0
372.427539825
-1.0
-1.0
-1.0
371.743502617
371.878671646
370.281219482
-1.0
-1.0
-1.0
-1.0
371.497740746
-1.0
372.701973915
-1.0
-1.0
374.491939545
373.512988091
372.275986671
372.325139046
373.71778965
373.922591209
372.189970016
372.308754921
373.512988091
371.772174835
371.813135147
373.254938126
371.604237556
-1.0
-1.0
-1.0
371.587853432
372.189970016
375.778093338
373.390107155
371.51412487
-1.0
-1.0
372.448019981
371.690254211
372.390675545
370.453252792
371.862287521
369.507069588
369.937152863
370.486021042
374.143776894
369.642238617
-1.0
371.809039116
-1.0
373.44335556
374.643492699
-1.0
-1.0
371.313419342
371.567373276
372.136721611
374.950695038
