a400
-1.0
-1.0
-1.0
-1.0
397.630419731
397.544403076
396.340169907
398.199768066
-1.0
398.130135536
395.414466858
396.684236526
-1.0
-1.0
-1.0
396.016583443
-1.0
395.709381104
396.032967567
395.258817673
394.693565369
397.958102226
395.639748573
394.382266998
394.918847084
395.484099388
393.681845665
395.021247864
-1.0
-1.0
-1.0
394.742717743
394.554300308
393.489332199
-1.0
-1.0
-1.0
-1.0
-1.0
392.272810936
-1.0
393.542580605
-1.0
-1.0
-1.0
-1.0
-1.0
398.334937096
-1.0
395.361218452
-1.0
-1.0
-1.0
397.011919022
-1.0
395.295681953
-1.0
396.909518242
397.081551552
394.795966148
393.472948074
397.151184082
-1.0
-1.0
-1.0
395.074496269
393.28453064
-1.0
394.660797119
394.247097969
-1.0
399.55555439
395.758533478
394.898366928
-1.0
-1.0
394.742717743
-1.0
-1.0
393.28453064
-1.0
395.381698608
-1.0
-1.0
-1.0
394.058680534
-1.0
-1.0
-1.0
-1.0
397.491154671
-1.0
-1.0
-1.0
-1.0
