-1.0
396.274633408
399.03945446
397.76558876
397.958102226
-1.0
-1.0
-1.0
397.290449142
397.802453041
396.893134117
-1.0
399.55555439
-1.0
-1.0
398.576602936
399.24425602
396.856269836
398.076887131
-1.0
399.776740074
397.130703926
397.941718102
395.635652542
396.237769127
-1.0
395.758533478
396.102600098
-1.0
-1.0
399.346656799
396.442570686
-1.0
397.958102226
396.344265938
397.355985641
396.323785782
-1.0
-1.0
399.588322639
-1.0
395.893702507
396.344265938
-1.0
397.667284012
397.425618172
398.298072815
398.679003716
395.160512924
-1.0
-1.0
-1.0
398.748636246
-1.0
-1.0
-1.0
398.265304565
398.953437805
397.183952332
399.502305984
397.769684792
398.83055687
396.151752472
396.688332558
397.990870476
397.646803856
396.856269836
396.872653961
-1.0
396.499915123
398.216152191
396.172232628
396.995534897
397.200336456
-1.0
-1.0
398.060503006
397.081551552
399.674339294
-1.0
396.635084152
399.780836105
-1.0
396.823501587
-1.0
396.049351692
398.818268776
398.248920441
399.055838585
-1.0
396.155848503
398.011350632
398.404569626
395.979719162
398.35132122
-1.0
-1.0
-1.0
-1.0
-1.0
398.834652901
396.770253181
-1.0
-1.0
399.399905205
