a425
418.761844635
418.712692261
-1.0
-1.0
-1.0
-1.0
-1.0
-1.0
-1.0
-1.0
-1.0
-1.0
422.218894958
-1.0
-1.0
420.138111115
420.05209446
420.568194389
-1.0
420.977797508
420.842628479
-1.0
-1.0
-1.0
-1.0
419.88006115
420.977797508
-1.0
-1.0
420.961413383
422.902932167
-1.0
423.074965477
-1.0
419.126391411
421.182599068
-1.0
421.956748962
419.60562706
421.784715652
419.310712814
-1.0
-1.0
-1.0
421.616778374
419.53599453
419.138679504
420.392065048
-1.0
-1.0
-1.0
422.046861649
418.33176136
-1.0
-1.0
418.352241516
420.256896019
419.638395309
419.482746124
-1.0
-1.0
-1.0
-1.0
-1.0
-1.0
-1.0
-1.0
424.914083481
422.112398148
418.50379467
421.219463348
-1.0
422.370448112
422.440080643
-1.0
-1.0
-1.0
423.230614662
-1.0
-1.0
-1.0
-1.0
-1.0
419.67525959
416.943206787
421.031045914
-1.0
-1.0
-1.0
-1.0
-1.0
-1.0
419.671163559
419.073143005
