a450
-1.0
-1.0
-1.0
445.8898592
-1.0
444.534072876
-1.0
-1.0
-1.0
-1.0
-1.0
-1.0
444.976444244
444.292407036
-1.0
-1.0
-1.0
-1.0
-1.0
-1.0
-1.0
-1.0
-1.0
-1.0
-1.0
-1.0
-1.0
-1.0
-1.0
-1.0
-1.0
443.706674576
449.170780182
449.703264236
-1.0
-1.0
-1.0
-1.0
-1.0
-1.0
-1.0
444.464440346
-1.0
-1.0
-1.0
-1.0
447.814993858
-1.0
-1.0
-1.0
446.733641624
-1.0
-1.0
-1.0
-1.0
-1.0
-1.0
-1.0
-1.0
444.976444244
-1.0
-1.0
-1.0
-1.0
-1.0
-1.0
444.497208595
445.287742615
444.75525856
445.75469017
-1.0
-1.0
-1.0
-1.0
446.491975784
-1.0
448.773465157
-1.0
445.4433918
445.750594139
446.594376564
-1.0
447.180109024
446.750025749
-1.0
-1.0
-1.0
-1.0
-1.0
