a50
49.4759607315
49.5619773865
48.9639568329
48.8083076477
49.357175827
49.5333051682
49.205622673
49.3735599518
49.0663576126
49.1687583923
49.3940401077
48.8246917725
49.0991258621
49.1687583923
49.3407917023
48.8779401779
49.4104242325
48.7755393982
49.1318941116
49.4595766068
49.0991258621
49.2015266418
49.291639328
49.3407917023
49.291639328
49.4595766068
49.5824575424
49.0172052383
48.9967250824
49.5496892929
48.9270925522
48.8615560532
48.771443367
49.0827417374
48.7222909927
48.9475727081
48.8246917725
49.0827417374
48.7878274918
49.0131092072
49.5128250122
48.7386751175
48.705906868
48.7386751175
48.771443367
49.2383909225
48.9107084274
49.1851425171
49.5496892929
48.9475727081
49.357175827
49.0172052383
49.0335893631
49.3735599518
48.8943243027
49.0458774567
48.7755393982
49.0991258621
48.9107084274
49.4268083572
48.8246917725
49.205622673
48.9107084274
48.7919235229
49.1687583923
49.1851425171
49.2875432968
49.4595766068
49.205622673
49.1851425171
49.377655983
47.0920705795
49.1851425171
49.2711591721
49.2547750473
49.4636726379
49.2015266418
49.357175827
48.8410758972
48.8083076477
49.1687583923
48.9107084274
49.2752552032
49.1359901428
49.357175827
48.6731386185
48.9270925522
48.8287878036
48.7550592422
49.2752552032
49.2547750473
48.9967250824
48.7755393982
49.1523742676
48.9148044586
48.9475727081
48.9270925522
49.3080234528
49.3080234528
48.7386751175
49.291639328
48.7550592422
48.8246917725
49.2547750473
48.7591552734
49.1687583923
49.2752552032
48.705906868
49.2383909225
49.5988416672
49.529209137
49.3244075775
49.1523742676
49.529209137
49.3244075775
49.3039274216
49.6152257919
48.9639568329
