a75
73.3763027191
73.4295511246
73.5811042786
73.5647201538
73.5647201538
73.3066701889
73.6671209335
73.4623193741
72.8929710388
73.6876010895
73.6507368088
72.8806829453
72.8929710388
72.9298353195
73.3394384384
73.3926868439
73.2739019394
73.4459352493
73.134636879
73.4950876236
73.634352684
73.134636879
73.9046907425
73.0854845047
73.699889183
73.5811042786
73.1510210037
73.7572336197
73.0691003799
73.1387329102
73.6876010895
73.4623193741
73.3926868439
73.3763027191
72.8765869141
73.2534217834
73.3763027191
73.3722066879
72.8929710388
72.962603569
73.5319519043
73.4623193741
73.0854845047
73.2042694092
72.9994678497
73.4131669998
73.2739019394
72.6021528244
72.8806829453
72.8765869141
72.8929710388
73.4623193741
73.1182527542
73.0527162552
73.1182527542
73.4623193741
72.9789876938
73.0322360992
73.3394384384
73.4459352493
73.1018686295
73.2575178146
72.7045536041
72.8765869141
73.5974884033
73.6507368088
73.5811042786
72.6185369492
72.8929710388
73.634352684
73.6015844345
73.4418392181
75.2318048477
73.0322360992
72.6881694794
73.6507368088
73.4623193741
73.2739019394
73.4295511246
72.9953718185
73.1674051285
73.4623193741
73.6138725281
73.0158519745
73.4787034988
74.0275716782
73.0813884735
72.9462194443
73.5647201538
73.0854845047
73.7039852142
73.7531375885
73.0691003799
73.1878852844
73.5278558731
73.3926868439
73.699889183
73.4459352493
72.397351265
73.1878852844
73.5319519043
73.4582233429
73.806385994
72.5857686996
72.9462194443
73.1018686295
73.7162733078
73.0691003799
73.5811042786
73.6671209335
73.6507368088
72.8438186646
72.6390171051
73.5647201538
73.4787034988
72.7045536041
73.200173378
