Actual distance:           100.50cm
Data count (w/ timeouts):  22527
Data count (w/o timeouts): 22527
Timeouts:                  0
Timeout frequency:         0.00%
Median:                    99.14cm
Mean:                      99.01cm
Outlier Count:             540
Standard deviation:        1.23cm
Quartile 1:                98.75cm
Quartile 3:                99.39cm
Min value (w/ outliers):   58.09cm
Max value (w/ outliers):   186.21cm
Min value (w/o outliers):  97.81cm
Max value (w/o outliers):  100.33cm
Outliers: [58.09, 62.02, 65.8, 66.35, 68.44, 69.25, 70.1, 70.73, 71.06, 71.21, 71.21, 71.91, 72.16, 81.83, 82.27, 83.1, 83.63, 83.86, 83.94, 83.99, 84.06, 84.18, 84.33, 84.35, 85.52, 85.54, 85.83, 86.07, 86.43, 86.62, 86.71, 87.31, 87.69, 87.84, 88.58, 88.61, 89.03, 89.56, 89.68, 89.97, 90.56, 91.35, 91.45, 91.57, 91.78, 91.86, 91.91, 91.93, 92.43, 92.48, 92.62, 92.67, 92.74, 92.82, 92.84, 92.87, 93.05, 93.13, 93.22, 93.53, 93.55, 93.55, 93.77, 93.79, 93.79, 93.85, 93.91, 93.91, 93.95, 94.01, 94.18, 94.21, 94.21, 94.3, 94.3, 94.45, 94.49, 94.52, 94.56, 94.56, 94.58, 94.63, 94.63, 94.68, 94.77, 94.78, 94.8, 94.8, 94.84, 94.84, 94.85, 94.85, 94.87, 94.87, 94.88, 94.9, 94.91, 94.92, 94.92, 94.94, 94.95, 94.99, 95.02, 95.07, 95.08, 95.11, 95.13, 95.13, 95.16, 95.16, 95.25, 95.28, 95.28, 95.3, 95.31, 95.35, 95.36, 95.37, 95.38, 95.4, 95.47, 95.52, 95.56, 95.57, 95.62, 95.63, 95.64, 95.64, 95.68, 95.69, 95.7, 95.71, 95.73, 95.73, 95.76, 95.78, 95.78, 95.81, 95.85, 95.93, 95.95, 95.98, 95.99, 96.02, 96.02, 96.04, 96.04, 96.04, 96.05, 96.07, 96.09, 96.12, 96.14, 96.17, 96.21, 96.24, 96.24, 96.26, 96.29, 96.31, 96.33, 96.35, 96.36, 96.4, 96.4, 96.4, 96.42, 96.43, 96.45, 96.45, 96.47, 96.47, 96.47, 96.48, 96.5, 96.5, 96.5, 96.51, 96.51, 96.54, 96.54, 96.55, 96.57, 96.57, 96.58, 96.58, 96.6, 96.6, 96.62, 96.62, 96.62, 96.62, 96.64, 96.64, 96.65, 96.66, 96.67, 96.67, 96.69, 96.69, 96.69, 96.7, 96.71, 96.72, 96.72, 96.72, 96.72, 96.74, 96.74, 96.74, 96.74, 96.74, 96.76, 96.76, 96.77, 96.77, 96.78, 96.78, 96.79, 96.81, 96.81, 96.81, 96.83, 96.83, 96.84, 96.84, 96.84, 96.85, 96.86, 96.86, 96.88, 96.89, 96.89, 96.9, 96.9, 96.9, 96.9, 96.9, 96.91, 96.91, 96.93, 96.93, 96.93, 96.93, 96.93, 96.93, 96.94, 96.94, 96.94, 96.94, 96.95, 96.95, 96.97, 96.97, 96.97, 96.98, 97.0, 97.0, 97.01, 97.02, 97.02, 97.02, 97.03, 97.03, 97.03, 97.03, 97.03, 97.05, 97.05, 97.07, 97.08, 97.08, 97.08, 97.08, 97.1, 97.12, 97.12, 97.12, 97.12, 97.12, 97.13, 97.14, 97.15, 97.15, 97.15, 97.15, 97.17, 97.17, 97.19, 97.19, 97.2, 97.2, 97.2, 97.2, 97.2, 97.22, 97.22, 97.22, 97.24, 97.24, 97.24, 97.25, 97.25, 97.26, 97.26, 97.26, 97.26, 97.27, 97.27, 97.27, 97.28, 97.29, 97.29, 97.29, 97.29, 97.31, 97.32, 97.33, 97.34, 97.34, 97.34, 97.34, 97.34, 97.34, 97.36, 97.36, 97.36, 97.36, 97.37, 97.37, 97.39, 97.4, 97.4, 97.4, 97.4, 97.41, 97.41, 97.41, 97.41, 97.41, 97.41, 97.41, 97.41, 97.41, 97.41, 97.41, 97.43, 97.43, 97.43, 97.44, 97.44, 97.45, 97.46, 97.46, 97.46, 97.46, 97.46, 97.47, 97.47, 97.48, 97.48, 97.48, 97.48, 97.49, 97.49, 97.5, 97.5, 97.51, 97.51, 97.51, 97.51, 97.51, 97.51, 97.51, 97.53, 97.53, 97.53, 97.53, 97.53, 97.55, 97.55, 97.55, 97.55, 97.56, 97.56, 97.56, 97.56, 97.57, 97.57, 97.58, 97.58, 97.58, 97.6, 97.6, 97.6, 97.6, 97.6, 97.6, 97.6, 97.62, 97.62, 97.63, 97.63, 97.63, 97.64, 97.65, 97.65, 97.65, 97.67, 97.67, 97.67, 97.67, 97.67, 97.68, 97.68, 97.69, 97.69, 97.69, 97.7, 97.7, 97.7, 97.7, 97.7, 97.7, 97.7, 97.72, 97.72, 97.72, 97.72, 97.72, 97.72, 97.72, 97.72, 97.72, 97.72, 97.74, 97.74, 97.74, 97.74, 97.74, 97.74, 97.74, 97.75, 97.75, 97.75, 97.75, 97.76, 97.76, 97.76, 97.76, 97.77, 97.77, 97.77, 97.77, 97.77, 97.77, 97.77, 97.77, 97.79, 97.79, 97.79, 97.79, 97.79, 97.79, 97.79, 97.79, 100.35, 100.35, 100.37, 100.37, 100.37, 100.37, 100.38, 100.38, 100.4, 100.43, 100.43, 100.47, 100.47, 100.48, 100.48, 100.5, 100.54, 100.56, 100.57, 100.59, 100.59, 100.61, 100.66, 100.68, 100.69, 100.69, 100.71, 100.71, 100.75, 100.78, 100.81, 100.83, 100.86, 100.97, 101.0, 101.0, 101.04, 101.05, 101.09, 101.11, 101.12, 101.17, 101.17, 101.18, 101.19, 101.21, 101.21, 101.24, 101.31, 101.33, 101.34, 101.36, 101.5, 101.52, 101.55, 101.57, 101.62, 101.67, 101.77, 101.88, 101.91, 102.0, 102.31, 102.74, 103.47, 103.79, 104.13, 104.15, 104.92, 107.98, 108.54, 109.21, 119.26, 186.21]