a30
99.3369483948
98.9027690887
-1.0
32.3504543304
55.9231138229
56.5907669067
-1.0
32.3668384552
-1.0
31.0602045059
-1.0
32.1251726151
-1.0
31.4575195312
-1.0
32.0924043655
-1.0
-1.0
33.0713558197
-1.0
33.5710716248
-1.0
33.9151382446
-1.0
33.3457899094
-1.0
32.7272891998
-1.0
31.9367551804
55.837097168
98.2515001297
-1.0
32.9525709152
-1.0
31.6828012466
-1.0
32.9361867905
-1.0
32.0227718353
-1.0
33.3621740341
-1.0
33.5546875
-1.0
34.1199398041
-1.0
50.7334423065
96.1051797867
-1.0
53.6539125443
