a30
38.4494447708
37.9005765915
38.4985971451
38.17091465
38.0726099014
35.5945110321
38.1217622757
38.8754320145
39.0679454803
38.7074947357
38.8631439209
39.3956279755
38.9655447006
39.5144128799
38.4822130203
38.605093956
38.9655447006
38.670630455
38.4494447708
38.7074947357
38.0521297455
39.0187931061
38.2241630554
38.6214780807
38.9450645447
38.0562257767
38.2774114609
38.1586265564
38.5354614258
38.084897995
38.5518455505
38.0889940262
38.1750106812
38.8098955154
38.2937955856
38.8590478897
38.9491605759
39.5348930359
37.9497289658
38.019361496
38.1545305252
38.6747264862
37.9865932465
38.0357456207
38.0889940262
38.8795280457
38.5518455505
38.2405471802
39.0638494492
38.1913948059
38.0357456207
38.1381464005
38.6173820496
38.2077789307
38.1217622757
38.8795280457
39.1375780106
38.8098955154
38.8795280457
