a300
83.2518339157
-1.0
83.1166648865
107.012910843
-1.0
101.016321182
-1.0
84.2184972763
-1.0
87.3601531982
-1.0
84.4232988358
-1.0
81.8632793427
-1.0
99.4557332993
100.586237907
-1.0
97.5142145157
-1.0
88.2735681534
-1.0
96.1707162857
-1.0
84.6321964264
-1.0
86.8768215179
-1.0
86.2255525589
102.839055061
-1.0
83.0306482315
100.639486313
-1.0
83.2190656662
-1.0
81.3840436935
-1.0
98.1859636307
98.8331365585
-1.0
87.4134016037
-1.0
86.2255525589
100.246267319
-1.0
84.2512655258
-1.0
86.1600160599
107.668275833
-1.0
79.4384288788
-1.0
81.826415062
106.754860878
-1.0
84.8329019547
-1.0
98.3866691589
-1.0
86.553235054
-1.0
-1.0
100.967168808
-1.0
86.3812017441
-1.0
86.1559200287
-1.0
85.6766843796
-1.0
73.4254550934
-1.0
73.9907073975
-1.0
73.0650043488
105.28028965
-1.0
84.1488647461
107.361073494
-1.0
82.8053665161
103.613204956
-1.0
96.2935972214
-1.0
82.997879982
-1.0
100.451068878
-1.0
98.14909935
-1.0
-1.0
99.1976833344
-1.0
97.0349788666
107.807540894
108.249912262
100.074234009
102.699790001
