a200
196.658649445
197.191133499
197.432799339
196.330966949
196.777434349
196.64226532
195.937747955
198.202853203
199.132652283
196.19579792
195.474896431
196.535768509
196.335062981
198.448615074
195.78209877
197.690849304
196.78153038
195.8517313
196.314582825
195.26599884
196.728281975
195.50766468
196.12616539
196.281814575
196.093397141
195.544528961
195.67969799
196.503000259
195.458512306
198.649320602
196.02376461
195.560913086
197.948899269
195.904979706
197.088732719
199.132652283
195.765714645
197.981667519
196.765146255
197.260766029
195.491280556
196.22856617
199.239149094
196.662745476
196.314582825
195.900883675
196.519384384
196.072916985
197.346782684
196.53986454
195.818963051
195.868115425
196.605401039
196.142549515
196.163029671
195.61006546
196.40059948
196.22856617
195.696082115
196.453847885
198.514151573
196.302294731
196.64226532
195.54043293
195.818963051
198.346214294
196.22856617
196.093397141
196.593112946
197.862882614
196.933083534
196.163029671
195.061197281
198.272485733
196.36783123
196.53986454
196.05653286
198.960618973
197.141981125
195.646929741
196.093397141
196.179413795
195.970516205
196.314582825
196.486616135
195.958228111
195.921363831
197.846498489
195.614161491
196.421079636
196.793818474
196.175317764
195.921363831
196.318678856
195.974612236
197.02319622
196.71189785
195.818963051
195.765714645
195.95413208
197.088732719
196.486616135
197.072348595
196.78153038
196.421079636
197.416415215
198.649320602
196.146645546
196.507096291
196.47023201
195.577297211
198.362598419
196.949467659
195.716562271
196.777434349
196.7446661
