a250
243.955521584
243.373885155
-1.0
80.0446414948
246.015825272
-1.0
81.4331960678
245.159754753
246.445908546
-1.0
81.0563611984
-1.0
82.2933626175
248.424291611
250.931062698
-1.0
81.3144111633
-1.0
81.1259937286
247.613277435
-1.0
83.3255624771
-1.0
83.4607315063
-1.0
84.3372821808
-1.0
81.1055135727
-1.0
78.9755773544
-1.0
81.9656801224
-1.0
83.5631322861
245.761871338
-1.0
81.1956262589
-1.0
80.2494430542
-1.0
79.3360280991
247.273306847
-1.0
84.3864345551
-1.0
84.2184972763
244.094786644
245.569357872
248.6987257
-1.0
83.3050823212
247.068505287
-1.0
82.240114212
-1.0
82.1704816818
-1.0
79.6309423447
-1.0
82.2564983368
-1.0
81.9492959976
-1.0
82.1049451828
-1.0
59.6136379242
-1.0
-1.0
79.0984582901
-1.0
81.6584777832
-1.0
58.3766365051
245.208907127
-1.0
83.8539505005
246.499156952
245.155658722
248.231778145
-1.0
85.144200325
-1.0
82.8258466721
-1.0
59.7692871094
-1.0
82.7562141418
-1.0
81.6379976273
-1.0
80.1429462433
-1.0
81.1915302277
-1.0
81.0194969177
-1.0
83.3583307266
-1.0
82.5841808319
-1.0
