a50
17.5924539566
50.852227211
51.0242605209
50.4753923416
50.4549121857
50.4753923416
50.7989788055
50.3893756866
50.2173423767
50.3893756866
50.4262399673
50.5286407471
50.7498264313
50.5286407471
50.9710121155
50.3566074371
50.2132463455
50.4262399673
49.8937559128
50.9218597412
51.0242605209
50.9914922714
50.5941772461
50.5777931213
50.5614089966
51.1471414566
51.0242605209
50.4917764664
50.6105613708
51.1594295502
50.9710121155
51.1594295502
51.003780365
50.9914922714
50.8358430862
50.3525114059
50.614657402
51.1102771759
50.6269454956
50.7334423065
51.0775089264
51.0242605209
51.0242605209
51.0242605209
50.3361272812
47.8948926926
50.9587240219
50.6801939011
50.3893756866
50.3033590317
50.3893756866
50.5245447159
50.4590082169
50.6638097763
50.5614089966
50.4917764664
50.3525114059
50.6105613708
50.8686113358
50.6638097763
50.5941772461
50.0616931915
50.1313257217
50.0985574722
50.4057598114
49.9101400375
50.8849954605
50.4917764664
50.852227211
50.938243866
51.0078763962
50.4549121857
50.8358430862
50.9218597412
50.5777931213
50.5081605911
50.4549121857
50.2542066574
50.1640939713
49.4472885132
49.6520900726
50.7293462753
50.1681900024
50.5286407471
50.4057598114
50.4753923416
50.0821733475
50.5081605911
50.1313257217
50.9218597412
50.7170581818
50.5777931213
50.4712963104
49.443192482
50.3852796555
50.4753923416
56.5416145325
50.114941597
49.9961566925
51.1266613007
50.4426240921
50.9914922714
51.1799097061
50.9054756165
50.7498264313
50.938243866
50.5982732773
50.6965780258
50.6801939011
50.7498264313
50.5614089966
51.1102771759
50.9751081467
50.9751081467
50.9914922714
50.9710121155
50.8194589615
50.5450248718
