a150
150.119543076
148.608107567
148.710508347
149.415025711
148.743276596
150.463609695
150.586490631
150.463609695
151.34016037
148.468842506
150.000758171
151.667842865
147.936358452
148.247656822
149.92702961
148.849773407
149.726324081
148.522090912
150.635643005
150.807676315
149.431409836
-1.0
149.738612175
155.514016151
150.103158951
148.984942436
150.5823946
148.726892471
150.41036129
-1.0
148.812909126
150.205559731
-1.0
150.34072876
150.201463699
151.528577805
152.454280853
150.16869545
149.324913025
149.447793961
152.093830109
149.881973267
149.861493111
149.980278015
150.791292191
148.673644066
151.630978584
149.107823372
150.688891411
148.882541656
150.30796051
149.124207497
151.647362709
148.845677376
150.049910545
148.898925781
149.173359871
149.070959091
149.054574966
150.840444565
151.610498428
148.812909126
149.329009056
148.554859161
150.23832798
-1.0
150.254712105
149.82462883
149.173359871
154.190998077
149.501042366
150.5823946
150.72165966
150.72165966
150.152311325
151.319680214
149.345393181
148.849773407
148.882541656
150.291576385
149.947509766
148.780140877
150.017142296
149.517426491
151.577730179
149.312624931
150.566010475
148.194408417
150.152311325
149.275760651
149.275760651
150.807676315
149.501042366
151.200895309
148.776044846
150.68479538
150.033526421
150.533242226
148.780140877
149.140591621
149.742708206
149.001326561
151.405696869
151.200895309
149.173359871
149.517426491
150.291576385
148.366441727
152.761483192
149.689459801
148.726892471
149.947509766
151.221375465
150.119543076
150.103158951
