a75
77.8942251205
78.185043335
77.3084926605
77.3248767853
77.1364593506
75.9690904617
-1.0
74.6296882629
76.5712070465
76.624455452
79.2991638184
76.8661212921
76.8292570114
76.0059547424
75.8134412766
75.4734706879
78.3079242706
76.9357538223
-1.0
75.043387413
77.6853275299
76.8988895416
77.4149894714
76.4155578613
-1.0
74.8877382278
77.4805259705
76.4360380173
-1.0
74.0111875534
78.2710599899
77.4313735962
77.4641418457
-1.0
76.1616039276
-1.0
73.9415550232
76.2803888321
-1.0
73.0854845047
74.9901390076
76.4647102356
76.9685220718
78.6315107346
77.6525592804
77.8082084656
77.5870227814
76.6203594208
77.6525592804
77.8942251205
77.3084926605
75.2113246918
76.0551071167
77.9310894012
76.8292570114
76.5343427658
-1.0
75.7642889023
77.427277565
75.8175373077
75.6618881226
77.7918243408
76.8292570114
75.6946563721
76.0387229919
76.0755872726
-1.0
75.6455039978
75.2973413467
-1.0
75.2277088165
75.780673027
76.1247396469
75.9854745865
76.2107563019
75.4038381577
-1.0
73.2411336899
-1.0
73.5811042786
77.6034069061
-1.0
74.0439558029
77.5296783447
77.7877283096
77.3781251907
77.6034069061
-1.0
72.9298353195
76.5548229218
77.7058076859
-1.0
73.9456510544
77.5829267502
-1.0
76.9685220718
76.9316577911
78.1358909607
78.2710599899
77.1200752258
78.2219076157
-1.0
74.371638298
78.0662584305
-1.0
74.6133041382
77.7221918106
-1.0
75.5922555923
