a200
81.9165277481
-1.0
41.2838983536
-1.0
85.4514026642
-1.0
40.9070634842
-1.0
80.0569295883
-1.0
39.8052310944
-1.0
42.6929330826
-1.0
40.7677984238
-1.0
40.5629968643
-1.0
41.1651134491
-1.0
82.8954792023
-1.0
40.8005666733
-1.0
40.7841825485
-1.0
40.5957651138
-1.0
80.2289628983
-1.0
74.8877382278
-1.0
40.2353143692
-1.0
80.179810524
-1.0
40.2353143692
-1.0
79.4752931595
-1.0
42.9305028915
-1.0
86.1067676544
-1.0
42.5168037415
-1.0
83.5139799118
-1.0
40.2353143692
-1.0
42.1932172775
-1.0
42.1399688721
-1.0
81.4331960678
-1.0
82.3957633972
-1.0
40.5425167084
-1.0
40.251698494
-1.0
40.7022619247
-1.0
84.5953321457
-1.0
40.2885627747
-1.0
42.2956180573
-1.0
83.497595787
-1.0
42.8444862366
-1.0
42.7748537064
-1.0
81.0235929489
-1.0
78.9100408554
-1.0
82.0844650269
-1.0
-1.0
69.1491985321
-1.0
84.2144012451
-1.0
41.7098855972
-1.0
40.7677984238
-1.0
86.8112850189
-1.0
79.7988796234
-1.0
41.9187831879
-1.0
