a100
99.3000841141
99.1649150848
98.0139303207
99.1649150848
98.6324310303
98.8536167145
98.0794668198
98.0303144455
99.9185848236
98.5791826248
97.3626613617
100.385532379
97.9606819153
98.9396333694
97.1701478958
96.6909122467
98.0098342896
99.7301673889
99.6441507339
97.7558803558
99.2632198334
96.6868162155
98.6651992798
99.4885015488
100.074234009
98.5791826248
99.8530483246
100.864768028
99.3533325195
101.171970367
-1.0
-1.0
99.8489522934
-1.0
11.2517976761
108.335928917
98.9928817749
101.360387802
99.6441507339
99.472117424
99.4352531433
100.213499069
98.2351160049
100.537085533
100.107002258
99.6277666092
99.2468357086
100.070137978
99.9185848236
101.397252083
100.983552933
102.413067818
101.294851303
101.860103607
99.8653364182
100.827903748
99.6933031082
98.9396333694
101.704454422
100.672254562
99.2836999893
99.3533325195
100.516605377
99.386100769
98.7143516541
102.462220192
100.709118843
107.701044083
100.434684753
97.8582811356
100.311803818
101.655302048
98.8167524338
99.2509317398
98.6283349991
99.7629356384
100.025081635
100.590333939
100.483837128
101.757702827
98.9560174942
99.6072864532
99.3533325195
101.122817993
99.1444349289
99.2836999893
98.6447191238
100.139770508
99.5048856735
100.606718063
98.9764976501
103.506708145
101.880583763
100.504317284
98.5259342194
100.295419693
99.0952825546
101.135106087
100.107002258
98.7184476852
98.3907651901
102.888207436
98.3375167847
98.4931659698
101.929736137
100.020985603
99.6277666092
101.241602898
102.290186882
100.332283974
97.5305986404
100.193018913
98.9068651199
99.5212697983
99.7793197632
97.6821517944
