a100
104.813342094
103.887639046
104.52252388
104.112920761
105.022239685
103.232274055
103.559956551
103.645973206
103.404307365
104.473371506
104.215321541
103.060240746
102.855439186
102.585101128
103.818006516
104.678173065
103.527188301
104.264473915
103.86715889
102.978320122
103.596820831
103.66235733
102.736654282
104.506139755
103.682837486
102.683405876
103.441171646
104.436507225
104.026904106
103.90402317
103.49032402
105.313057899
104.52252388
103.146257401
104.24808979
102.290186882
104.559388161
103.940887451
104.301338196
103.24865818
102.392587662
103.559956551
103.613204956
103.097105026
99.1772031784
103.752470016
104.297242165
104.59215641
104.48975563
104.743709564
103.785238266
104.264473915
102.617869377
104.10882473
104.297242165
102.617869377
102.769422531
104.301338196
103.457555771
103.543572426
103.822102547
103.613204956
103.871254921
104.645404816
102.974224091
103.818006516
102.892303467
103.90402317
103.510804176
102.839055061
103.66235733
103.080720901
104.608540535
104.059672356
103.097105026
103.219985962
102.892303467
103.527188301
103.818006516
105.10825634
104.043288231
102.597389221
102.667021751
103.83439064
102.650637627
102.343435287
103.387923241
103.49032402
103.699221611
103.49032402
102.613773346
103.506708145
103.5927248
102.892303467
103.24865818
103.387923241
102.683405876
103.785238266
103.645973206
