a100
104.284954071
102.994704247
103.527188301
104.813342094
103.113489151
102.478604317
104.882974625
103.387923241
105.03862381
102.753038406
105.161504745
104.989471436
104.79695797
104.571676254
104.17845726
102.687501907
104.538908005
104.436507225
103.252754211
103.285522461
105.001759529
102.806286812
103.736085892
103.236370087
104.66178894
103.129873276
103.404307365
104.93622303
102.961935997
103.338770866
103.387923241
103.047952652
102.875919342
103.064336777
102.892303467
103.183121681
104.35049057
103.576340675
103.645973206
102.613773346
103.86715889
103.629589081
102.134537697
104.231705666
103.752470016
104.026904106
104.8665905
104.215321541
103.133969307
103.850774765
104.52252388
103.150353432
104.297242165
104.24808979
103.027472496
103.666453362
104.780573845
102.753038406
104.00642395
104.334106445
102.990608215
103.822102547
103.424787521
104.678173065
103.150353432
103.527188301
104.727325439
104.268569946
104.588060379
104.28085804
104.506139755
103.818006516
104.575772285
103.785238266
102.634253502
103.371539116
103.215889931
103.183121681
103.322386742
103.510804176
104.608540535
104.780573845
104.780573845
103.232274055
103.338770866
102.994704247
103.011088371
103.871254921
103.392019272
104.022808075
103.543572426
104.575772285
103.957271576
103.080720901
103.424787521
103.424787521
103.408403397
103.424787521
104.387354851
103.580436707
104.899358749
103.940887451
102.494988441
104.24808979
103.613204956
103.166737556
104.403738976
104.727325439
104.608540535
103.478035927
102.548236847
103.748373985
103.113489151
102.716174126
103.86715889
103.838486671
103.338770866
