a100
104.8665905
104.48975563
104.69455719
105.022239685
104.952607155
103.510804176
103.236370087
103.338770866
102.531852722
104.674077034
104.813342094
104.780573845
104.83382225
102.720270157
102.548236847
103.715605736
102.994704247
104.8665905
104.284954071
104.059672356
104.0391922
102.789902687
104.801054001
105.190176964
104.575772285
104.657692909
102.925071716
103.478035927
103.629589081
102.339339256
104.588060379
104.59215641
103.629589081
103.543572426
104.8665905
104.21122551
104.919838905
102.859535217
104.747805595
103.940887451
104.79695797
103.338770866
103.752470016
104.334106445
102.925071716
104.284954071
104.645404816
102.994704247
104.366874695
103.473939896
103.289618492
104.45289135
103.355154991
104.24808979
104.162073135
104.559388161
103.060240746
103.371539116
103.306002617
103.011088371
103.080720901
103.07662487
104.403738976
103.113489151
104.8665905
103.953175545
102.703886032
104.317722321
103.269138336
103.011088371
103.822102547
102.585101128
104.608540535
102.359819412
103.199505806
103.678741455
103.990039825
103.748373985
102.757134438
103.387923241
103.752470016
104.022808075
104.571676254
103.064336777
103.371539116
103.031568527
104.215321541
104.129304886
104.8665905
102.957839966
104.366874695
102.941455841
104.0391922
103.183121681
103.064336777
103.715605736
103.269138336
103.31829071
103.527188301
104.370970726
103.473939896
103.252754211
102.892303467
104.125208855
102.581005096
102.376203537
103.031568527
104.227609634
103.269138336
102.134537697
102.908687592
103.441171646
102.597389221
103.93679142
103.990039825
103.990039825
103.424787521
103.887639046
103.715605736
103.457555771
103.473939896
104.35049057
103.441171646
102.564620972
104.850206375
102.978320122
102.494988441
103.424787521
102.757134438
104.538908005
102.892303467
103.027472496
102.376203537
103.854870796
102.925071716
101.843719482
104.4201231
102.822670937
103.752470016
105.00585556
105.161504745
103.301906586
104.59215641
104.727325439
90.4035043716
104.62492466
104.043288231
104.215321541
103.506708145
104.317722321
103.924503326
103.457555771
103.613204956
102.789902687
103.527188301
104.166169167
104.07605648
104.022808075
103.387923241
104.93622303
103.752470016
102.908687592
104.17845726
102.581005096
102.892303467
104.21122551
103.252754211
103.543572426
103.269138336
102.720270157
103.527188301
103.543572426
103.232274055
102.667021751
99.4557332993
104.284954071
104.403738976
104.899358749
104.145689011
104.10882473
104.194841385
102.343435287
102.908687592
102.511372566
102.802190781
102.892303467
102.892303467
103.441171646
102.736654282
104.52252388
104.678173065
103.043856621
102.757134438
103.596820831
103.559956551
104.38325882
103.613204956
104.10882473
102.839055061
103.424787521
102.994704247
103.011088371
102.773518562
102.716174126
104.043288231
103.543572426
104.182553291
103.887639046
103.871254921
104.284954071
104.436507225
102.769422531
103.371539116
104.473371506
103.887639046
104.608540535
103.731989861
102.908687592
103.682837486
104.112920761
102.531852722
103.576340675
103.818006516
104.059672356
103.097105026
103.215889931
104.059672356
102.339339256
103.510804176
103.199505806
103.801622391
100.762367249
103.215889931
103.150353432
103.473939896
102.667021751
102.73255825
103.596820831
104.162073135
104.125208855
102.875919342
104.24808979
102.687501907
103.457555771
102.617869377
102.892303467
103.285522461
104.231705666
104.145689011
102.839055061
103.441171646
104.571676254
104.403738976
103.473939896
104.469275475
103.613204956
103.748373985
104.399642944
104.4201231
100.483837128
102.785806656
103.117585182
103.371539116
102.978320122
102.564620972
103.355154991
104.973087311
100.795135498
104.370970726
102.822670937
103.613204956
102.908687592
103.83439064
104.48975563
104.903454781
102.753038406
103.047952652
104.334106445
102.359819412
103.66235733
103.183121681
101.860103607
104.334106445
103.42069149
102.990608215
104.678173065
101.929736137
103.887639046
102.908687592
103.011088371
104.485659599
102.736654282
103.973655701
103.166737556
102.564620972
102.703886032
103.801622391
104.469275475
103.715605736
103.973655701
104.52252388
104.35049057
104.710941315
104.145689011
104.48975563
103.117585182
104.506139755
104.8665905
104.297242165
104.66178894
104.850206375
103.150353432
103.547668457
102.757134438
103.731989861
104.28085804
100.262651443
104.227609634
103.199505806
104.227609634
103.973655701
102.667021751
104.264473915
104.366874695
103.818006516
103.011088371
103.387923241
102.892303467
104.69455719
103.5927248
103.83439064
102.892303467
104.780573845
103.887639046
104.52252388
103.183121681
102.515468597
103.285522461
103.715605736
104.17845726
103.404307365
103.133969307
99.3328523636
102.941455841
103.666453362
103.027472496
104.678173065
104.125208855
104.35049057
103.027472496
103.801622391
102.650637627
103.07662487
103.338770866
103.629589081
103.424787521
103.871254921
103.252754211
104.334106445
103.801622391
103.871254921
104.571676254
103.457555771
104.162073135
103.93679142
104.743709564
105.03862381
105.157408714
104.55529213
103.457555771
103.355154991
104.903454781
103.822102547
103.355154991
102.703886032
104.96899128
103.306002617
104.301338196
104.850206375
103.404307365
103.66235733
103.596820831
104.28085804
104.96899128
104.715037346
104.125208855
103.301906586
102.736654282
104.456987381
104.543004036
104.506139755
104.55529213
102.757134438
103.494420052
103.355154991
103.920407295
103.408403397
102.462220192
103.887639046
102.597389221
103.650069237
104.268569946
103.011088371
104.915742874
103.162641525
104.93622303
104.112920761
103.752470016
103.66235733
103.371539116
103.559956551
104.473371506
103.527188301
103.731989861
103.457555771
103.854870796
103.994135857
103.183121681
103.871254921
104.506139755
103.473939896
103.564052582
103.375635147
103.5927248
102.892303467
104.112920761
103.404307365
103.011088371
103.715605736
104.45289135
101.430020332
104.334106445
104.952607155
104.45289135
103.83439064
103.408403397
103.920407295
104.387354851
104.166169167
103.801622391
103.408403397
103.289618492
102.634253502
102.859535217
102.839055061
102.871823311
105.00585556
104.59215641
103.285522461
104.575772285
104.227609634
104.641308784
104.059672356
102.957839966
104.436507225
103.166737556
103.957271576
102.736654282
102.974224091
102.494988441
103.199505806
103.564052582
103.543572426
103.064336777
104.215321541
99.8161840439
103.301906586
104.538908005
103.322386742
103.871254921
104.52252388
104.76418972
102.753038406
104.129304886
104.145689011
103.424787521
102.961935997
102.875919342
103.043856621
101.806855202
104.629020691
104.813342094
104.747805595
102.990608215
105.03862381
104.284954071
103.957271576
103.633685112
103.219985962
104.399642944
104.559388161
103.064336777
103.252754211
98.6979675293
103.818006516
102.769422531
104.297242165
103.371539116
104.092440605
103.748373985
102.613773346
103.42069149
103.629589081
103.252754211
103.199505806
103.920407295
104.07605648
101.810951233
102.408971786
103.83439064
103.269138336
103.940887451
103.097105026
103.678741455
104.059672356
104.264473915
103.576340675
104.55529213
103.473939896
103.064336777
103.580436707
104.366874695
103.818006516
103.080720901
104.125208855
103.908119202
103.457555771
104.784669876
103.047952652
104.043288231
103.306002617
104.21122551
104.747805595
102.617869377
103.969559669
103.269138336
103.871254921
103.371539116
103.49032402
103.478035927
103.957271576
104.403738976
102.822670937
105.317153931
104.899358749
103.203601837
103.232274055
104.24808979
103.887639046
103.682837486
103.613204956
104.35049057
103.699221611
104.141592979
104.301338196
103.957271576
103.199505806
102.601485252
104.112920761
104.710941315
102.822670937
103.871254921
103.060240746
103.027472496
104.96899128
104.96899128
102.683405876
104.645404816
102.392587662
103.437075615
103.715605736
103.66235733
100.606718063
103.269138336
103.371539116
103.629589081
104.780573845
103.953175545
104.24808979
103.162641525
104.83382225
104.436507225
103.047952652
105.399074554
102.634253502
103.576340675
104.284954071
105.059103966
107.389745712
103.150353432
103.166737556
105.00585556
104.194841385
103.457555771
103.080720901
103.183121681
103.994135857
103.42069149
102.806286812
103.215889931
104.07605648
103.994135857
104.38325882
102.597389221
104.780573845
105.055007935
104.469275475
103.543572426
103.768854141
103.232274055
103.162641525
104.387354851
103.908119202
103.355154991
104.112920761
103.748373985
103.306002617
103.424787521
102.015752792
104.8665905
104.469275475
103.113489151
103.371539116
104.559388161
103.953175545
103.473939896
103.404307365
103.559956551
104.00642395
104.096536636
104.129304886
103.973655701
103.973655701
103.76475811
103.011088371
104.198937416
103.90402317
106.222376823
104.882974625
103.748373985
104.8665905
105.259809494
104.231705666
102.789902687
102.494988441
104.387354851
103.715605736
105.022239685
103.338770866
105.001759529
103.31829071
103.785238266
103.506708145
102.73255825
104.52252388
103.510804176
104.882974625
103.613204956
102.478604317
103.301906586
104.21122551
104.145689011
104.215321541
103.940887451
103.920407295
97.0513629913
103.768854141
103.854870796
104.043288231
104.436507225
104.21122551
103.629589081
103.822102547
103.027472496
103.69512558
105.03862381
103.441171646
103.645973206
104.850206375
103.973655701
103.166737556
104.145689011
104.301338196
103.801622391
103.285522461
103.818006516
104.24808979
102.531852722
104.575772285
103.199505806
103.666453362
102.978320122
104.4201231
103.252754211
102.925071716
103.883543015
102.753038406
102.650637627
103.666453362
103.801622391
104.52252388
104.0391922
104.145689011
104.010519981
103.527188301
102.650637627
102.974224091
103.920407295
103.215889931
102.585101128
104.538908005
103.199505806
102.630157471
103.682837486
103.301906586
104.731421471
103.129873276
103.940887451
103.494420052
104.83382225
103.66235733
103.219985962
104.919838905
103.613204956
103.543572426
105.173792839
103.117585182
103.752470016
103.973655701
104.145689011
104.07605648
103.338770866
104.62492466
103.478035927
103.387923241
104.059672356
103.801622391
103.596820831
104.231705666
102.720270157
104.83382225
105.10825634
103.334674835
104.162073135
104.506139755
103.232274055
103.424787521
102.617869377
104.387354851
102.753038406
100.676350594
104.93622303
104.817438126
103.576340675
103.269138336
104.919838905
103.437075615
103.559956551
103.334674835
104.973087311
101.364483833
104.354586601
103.215889931
104.436507225
103.355154991
105.00585556
103.183121681
103.973655701
103.957271576
103.748373985
102.822670937
104.00642395
103.232274055
103.047952652
103.494420052
105.03862381
103.93679142
102.720270157
104.0391922
104.674077034
104.436507225
104.026904106
103.785238266
103.183121681
104.055576324
104.162073135
104.055576324
104.608540535
104.145689011
103.011088371
103.93679142
104.45289135
103.49032402
102.617869377
102.941455841
103.678741455
103.027472496
104.436507225
103.973655701
103.908119202
103.908119202
103.219985962
103.645973206
103.441171646
103.957271576
103.90402317
104.48975563
102.650637627
103.113489151
102.650637627
105.157408714
105.00585556
103.473939896
103.49032402
104.829726219
103.113489151
103.113489151
103.678741455
104.07605648
103.748373985
103.060240746
104.092440605
105.055007935
104.76418972
104.403738976
104.48975563
104.678173065
103.097105026
103.871254921
103.510804176
105.194272995
103.408403397
104.215321541
102.753038406
103.887639046
103.129873276
102.978320122
103.478035927
103.232274055
102.871823311
102.753038406
103.596820831
104.162073135
103.199505806
104.62492466
102.376203537
103.478035927
104.194841385
103.785238266
103.392019272
103.613204956
104.76418972
104.21122551
104.010519981
103.609108925
104.00642395
103.080720901
103.924503326
104.366874695
102.650637627
103.543572426
104.747805595
103.699221611
103.990039825
103.011088371
102.548236847
103.957271576
103.887639046
103.510804176
103.86715889
104.07605648
104.166169167
102.806286812
104.28085804
103.047952652
103.990039825
103.166737556
103.920407295
103.285522461
104.76418972
103.334674835
103.990039825
104.026904106
102.961935997
103.854870796
104.38325882
104.59215641
104.76418972
103.215889931
104.268569946
103.252754211
102.855439186
103.441171646
104.506139755
104.24808979
104.129304886
102.597389221
103.031568527
104.403738976
104.506139755
104.780573845
104.162073135
103.990039825
104.743709564
103.887639046
102.888207436
104.731421471
103.576340675
103.801622391
103.715605736
103.510804176
104.301338196
104.182553291
104.710941315
103.338770866
104.829726219
104.780573845
104.710941315
103.957271576
102.994704247
104.162073135
103.666453362
104.506139755
104.538908005
102.720270157
103.699221611
103.129873276
103.150353432
104.473371506
103.785238266
104.07605648
103.064336777
104.194841385
103.90402317
102.429451942
102.957839966
102.994704247
103.404307365
103.576340675
103.408403397
102.597389221
104.28085804
103.027472496
103.924503326
104.145689011
104.231705666
104.35049057
102.925071716
102.220554352
103.334674835
68.8911485672
105.276193619
103.715605736
102.978320122
103.506708145
104.010519981
103.785238266
103.83439064
103.699221611
102.994704247
104.317722321
103.113489151
103.080720901
104.297242165
102.941455841
104.506139755
102.683405876
103.818006516
104.141592979
103.613204956
103.748373985
104.784669876
103.699221611
103.838486671
103.801622391
101.946120262
104.162073135
104.645404816
104.715037346
103.83439064
103.015184402
103.150353432
104.301338196
103.76475811
104.24808979
103.83439064
104.66178894
104.35049057
102.511372566
103.338770866
103.731989861
102.957839966
102.994704247
103.113489151
104.198937416
102.753038406
103.338770866
102.478604317
103.850774765
97.7886486053
103.166737556
102.859535217
102.957839966
103.133969307
102.875919342
102.994704247
103.301906586
102.425355911
103.478035927
102.789902687
102.839055061
103.301906586
104.641308784
104.043288231
103.097105026
104.899358749
103.613204956
102.511372566
103.133969307
103.678741455
103.76475811
103.080720901
103.731989861
102.941455841
101.483268738
103.232274055
103.285522461
103.715605736
103.043856621
103.080720901
102.888207436
102.413067818
103.232274055
103.289618492
103.682837486
104.473371506
103.682837486
103.66235733
103.060240746
104.145689011
99.386100769
98.8700008392
103.736085892
103.559956551
102.150921822
104.043288231
103.199505806
103.355154991
104.07605648
102.822670937
104.4201231
103.818006516
104.678173065
103.011088371
103.580436707
103.060240746
103.441171646
103.801622391
105.194272995
103.822102547
103.768854141
104.59215641
104.645404816
103.90402317
103.457555771
102.888207436
103.682837486
102.753038406
102.183690071
102.994704247
103.629589081
103.629589081
103.215889931
103.306002617
104.17845726
104.022808075
103.408403397
104.264473915
103.183121681
104.83382225
103.285522461
104.4201231
103.731989861
103.064336777
102.171401978
104.575772285
104.0391922
103.011088371
103.527188301
104.62492466
103.392019272
103.24865818
103.510804176
104.022808075
104.07605648
101.344003677
102.716174126
104.334106445
103.080720901
103.871254921
104.301338196
103.371539116
102.478604317
102.925071716
104.317722321
103.818006516
102.994704247
102.941455841
102.327051163
104.66178894
103.285522461
102.978320122
104.125208855
104.043288231
103.408403397
104.538908005
103.027472496
103.183121681
102.769422531
103.027472496
103.387923241
103.768854141
102.544140816
102.871823311
103.90402317
103.510804176
103.957271576
103.957271576
103.150353432
104.506139755
102.822670937
103.473939896
104.83382225
104.903454781
104.043288231
103.973655701
104.55529213
103.752470016
103.715605736
103.650069237
102.634253502
103.90402317
103.613204956
103.543572426
103.818006516
103.199505806
103.146257401
103.269138336
103.854870796
104.354586601
103.080720901
104.198937416
104.182553291
103.990039825
95.007443428
103.129873276
102.236938477
103.252754211
104.112920761
103.027472496
102.376203537
103.559956551
103.24865818
103.31829071
103.371539116
104.55529213
103.973655701
103.199505806
103.301906586
104.76418972
103.113489151
103.973655701
103.768854141
104.710941315
104.69455719
102.548236847
102.789902687
103.748373985
104.985375404
104.010519981
104.317722321
103.424787521
103.547668457
103.543572426
103.506708145
103.90402317
103.629589081
103.699221611
103.596820831
103.596820831
103.011088371
103.133969307
102.462220192
102.032136917
103.920407295
104.813342094
104.731421471
104.215321541
103.580436707
104.026904106
103.543572426
103.66235733
102.908687592
104.194841385
102.445836067
104.129304886
104.641308784
104.62492466
103.838486671
104.10882473
103.990039825
102.355723381
102.634253502
103.871254921
103.49032402
103.52309227
103.043856621
104.182553291
102.957839966
103.596820831
102.085385323
103.871254921
103.510804176
103.52309227
103.150353432
102.683405876
104.129304886
104.780573845
104.38325882
102.531852722
104.4201231
102.994704247
103.011088371
102.224650383
104.092440605
105.022239685
103.83439064
103.854870796
103.973655701
102.892303467
103.645973206
104.264473915
103.31829071
103.306002617
103.83439064
104.010519981
103.269138336
103.043856621
103.371539116
103.83439064
102.822670937
103.162641525
102.875919342
103.678741455
104.145689011
102.478604317
103.785238266
103.682837486
103.682837486
103.371539116
104.850206375
103.441171646
103.699221611
104.985375404
104.215321541
103.203601837
102.458124161
104.092440605
103.801622391
102.839055061
103.752470016
103.252754211
102.855439186
104.370970726
103.682837486
102.769422531
104.059672356
104.93622303
103.83439064
104.506139755
103.322386742
102.376203537
103.232274055
104.38325882
104.985375404
105.124640465
103.715605736
102.839055061
103.424787521
102.769422531
102.802190781
103.494420052
104.559388161
103.527188301
103.506708145
103.162641525
102.892303467
103.252754211
102.408971786
102.957839966
102.806286812
102.408971786
103.301906586
102.613773346
102.855439186
103.785238266
104.10882473
103.457555771
102.683405876
103.818006516
103.633685112
103.52309227
103.166737556
104.52252388
103.645973206
102.617869377
102.613773346
103.146257401
103.818006516
102.839055061
102.187786102
103.838486671
103.289618492
104.403738976
104.010519981
102.085385323
101.966600418
103.731989861
103.334674835
103.801622391
103.609108925
103.5927248
103.613204956
103.887639046
103.129873276
104.366874695
104.264473915
103.785238266
102.478604317
104.334106445
103.146257401
103.457555771
103.613204956
103.990039825
102.908687592
103.232274055
104.506139755
104.35049057
102.085385323
104.17845726
104.022808075
103.527188301
102.494988441
103.473939896
104.301338196
103.133969307
102.961935997
104.043288231
104.043288231
103.011088371
103.629589081
102.236938477
104.080152512
104.469275475
104.952607155
103.355154991
104.334106445
104.52252388
103.736085892
103.031568527
104.829726219
104.45289135
103.146257401
103.338770866
104.45289135
104.710941315
103.887639046
102.785806656
103.650069237
102.429451942
103.678741455
104.69455719
103.322386742
104.24808979
103.269138336
103.301906586
102.499084473
102.703886032
104.506139755
102.601485252
103.752470016
103.854870796
103.83439064
102.339339256
104.145689011
103.768854141
103.252754211
104.194841385
102.515468597
102.892303467
104.645404816
103.699221611
103.392019272
103.973655701
103.219985962
103.527188301
103.269138336
103.801622391
104.264473915
103.473939896
103.129873276
104.264473915
102.908687592
102.961935997
104.403738976
103.166737556
102.736654282
104.059672356
102.634253502
102.871823311
103.113489151
102.994704247
104.55529213
103.031568527
103.510804176
103.064336777
104.678173065
103.49032402
104.52252388
104.129304886
103.371539116
102.634253502
104.575772285
103.854870796
102.425355911
103.854870796
102.957839966
104.403738976
104.645404816
103.66235733
103.994135857
100.745983124
103.613204956
103.183121681
103.42069149
103.990039825
102.699790001
102.634253502
104.83382225
104.141592979
102.408971786
102.855439186
103.66235733
104.10882473
103.113489151
104.710941315
102.974224091
102.941455841
104.387354851
104.436507225
103.199505806
103.699221611
103.990039825
103.392019272
104.35049057
104.469275475
102.032136917
103.494420052
103.424787521
103.027472496
102.974224091
104.17845726
103.871254921
102.974224091
103.215889931
103.42069149
105.157408714
103.129873276
103.940887451
103.097105026
103.269138336
104.080152512
103.478035927
103.629589081
102.945551872
102.048521042
103.371539116
103.887639046
104.403738976
104.645404816
102.716174126
105.194272995
104.026904106
103.355154991
104.96899128
102.441740036
103.818006516
102.978320122
100.348668098
102.327051163
102.90459156
104.059672356
103.24865818
103.785238266
103.301906586
104.882974625
103.543572426
102.015752792
102.343435287
104.059672356
104.506139755
104.48975563
103.731989861
102.875919342
104.194841385
104.69455719
103.49032402
102.789902687
103.527188301
103.613204956
102.818574905
103.838486671
104.096536636
104.506139755
104.28085804
102.101769447
102.515468597
102.306571007
103.146257401
104.043288231
102.716174126
103.838486671
103.150353432
102.789902687
103.355154991
102.839055061
103.83439064
102.945551872
103.854870796
104.129304886
104.07605648
102.494988441
104.727325439
102.667021751
102.392587662
104.436507225
103.31829071
104.715037346
103.080720901
103.199505806
102.630157471
103.990039825
102.413067818
104.710941315
104.641308784
103.66235733
103.424787521
104.743709564
104.66178894
103.392019272
104.24808979
104.301338196
104.506139755
102.945551872
103.559956551
103.387923241
102.683405876
103.150353432
103.699221611
103.166737556
82.3629951477
103.699221611
103.457555771
104.678173065
104.780573845
104.69455719
103.219985962
103.473939896
103.666453362
103.678741455
104.436507225
103.871254921
103.355154991
103.818006516
102.941455841
102.667021751
103.07662487
104.215321541
103.90402317
103.457555771
103.66235733
102.785806656
103.269138336
102.720270157
103.801622391
103.183121681
102.548236847
103.715605736
103.887639046
104.059672356
102.769422531
104.4201231
104.727325439
104.370970726
104.608540535
103.90402317
102.445836067
102.892303467
102.187786102
103.887639046
103.682837486
102.630157471
102.892303467
102.941455841
104.440603256
102.839055061
103.355154991
100.557565689
104.543004036
103.064336777
104.66178894
103.473939896
103.731989861
102.957839966
103.748373985
102.494988441
103.785238266
102.564620972
103.785238266
104.45289135
103.011088371
104.403738976
102.585101128
104.284954071
102.957839966
104.268569946
103.047952652
104.198937416
104.145689011
102.236938477
104.162073135
103.424787521
103.940887451
103.097105026
101.618437767
104.112920761
102.941455841
104.231705666
103.801622391
102.269706726
103.269138336
104.059672356
102.941455841
104.317722321
104.129304886
103.940887451
103.215889931
104.436507225
104.231705666
102.699790001
102.683405876
103.887639046
104.62492466
103.629589081
104.010519981
103.76475811
103.334674835
103.117585182
104.4201231
103.334674835
104.506139755
102.855439186
103.650069237
102.925071716
103.818006516
103.527188301
103.699221611
102.585101128
104.162073135
104.403738976
101.278467178
102.683405876
104.436507225
104.62492466
103.183121681
104.52252388
104.538908005
102.822670937
103.66235733
102.339339256
103.215889931
102.511372566
102.720270157
104.112920761
104.543004036
104.215321541
103.650069237
102.564620972
102.322955132
102.564620972
102.871823311
103.269138336
102.306571007
103.113489151
103.93679142
103.559956551
104.399642944
103.613204956
103.666453362
103.715605736
102.290186882
103.301906586
104.473371506
104.301338196
100.725502968
103.818006516
104.317722321
103.629589081
103.060240746
103.940887451
102.445836067
103.527188301
102.544140816
104.79695797
102.994704247
104.301338196
103.306002617
102.306571007
102.785806656
102.978320122
