a150
149.914741516
148.468842506
148.931694031
149.120111465
148.075623512
148.915309906
149.517426491
149.361777306
150.668411255
149.345393181
149.210224152
148.436074257
150.189175606
148.554859161
148.280425072
148.575339317
147.780709267
148.796525002
149.484658241
148.673644066
148.022375107
148.878445625
148.489322662
147.969126701
148.092007637
148.538475037
149.517426491
148.317289352
149.533810616
149.017710686
149.570674896
147.629156113
147.973222733
147.973222733
148.264040947
148.468842506
150.258808136
148.898925781
147.661924362
148.350057602
148.210792542
148.415594101
148.608107567
150.72165966
149.259376526
148.005990982
149.152879715
149.091439247
148.468842506
149.173359871
149.226608276
148.624491692
148.399209976
150.65202713
148.898925781
148.677740097
149.447793961
149.087343216
148.280425072
148.898925781
149.156975746
149.587059021
148.419690132
148.468842506
148.350057602
148.141160011
150.426745415
148.452458382
148.419690132
148.587627411
148.935790062
150.221943855
148.161640167
148.796525002
148.743276596
148.79242897
148.108391762
148.591723442
149.226608276
147.973222733
148.419690132
148.386921883
148.522090912
149.587059021
149.345393181
148.173928261
148.673644066
148.329577446
148.812909126
148.657259941
149.656691551
149.931125641
148.657259941
148.575339317
148.624491692
149.795956612
149.13649559
149.001326561
148.587627411
