a150
150.205559731
148.677740097
148.124775887
148.882541656
148.415594101
148.485226631
150.103158951
148.640875816
148.108391762
149.296240807
149.001326561
147.969126701
149.398641586
145.998935699
148.452458382
150.47999382
149.03409481
149.705843925
148.522090912
149.292144775
147.629156113
147.956838608
148.522090912
148.313193321
147.575907707
149.947509766
149.619827271
148.763756752
148.001894951
149.435505867
148.178024292
149.259376526
150.566010475
149.156975746
149.3085289
149.091439247
151.045246124
150.668411255
146.130008698
149.017710686
148.763756752
150.430841446
149.947509766
148.673644066
148.776044846
150.23832798
148.280425072
149.619827271
150.619258881
149.329009056
148.866157532
149.72222805
149.210224152
148.677740097
148.898925781
150.89369297
148.817005157
150.393977165
149.96389389
148.882541656
149.72222805
149.005422592
147.367010117
149.156975746
148.984942436
147.629156113
149.189743996
150.156407356
149.038190842
150.017142296
149.173359871
148.608107567
150.65202713
149.775476456
148.296809196
150.1359272
150.889596939
149.501042366
150.017142296
149.259376526
148.382825851
148.780140877
149.275760651
148.796525002
148.313193321
148.935790062
150.103158951
150.16869545
149.877877235
149.759092331
148.898925781
148.415594101
148.382825851
149.738612175
148.227176666
150.033526421
150.41036129
148.436074257
148.759660721
148.915309906
148.296809196
148.501610756
148.452458382
148.833389282
150.152311325
146.150488853
148.935790062
148.743276596
148.915309906
150.185079575
147.301473618
148.243560791
149.177455902
148.694124222
150.975613594
150.082678795
148.128871918
149.189743996
148.571243286
150.840444565
149.20612812
148.915309906
148.796525002
148.403306007
150.942845345
149.259376526
148.112487793
148.452458382
149.931125641
149.570674896
148.296809196
148.968558311
150.54962635
149.140591621
149.464178085
148.694124222
148.575339317
149.070959091
148.247656822
149.415025711
150.770812035
148.452458382
148.710508347
149.259376526
148.984942436
150.54962635
148.968558311
150.496377945
148.984942436
149.689459801
151.028862
149.312624931
149.361777306
148.817005157
150.291576385
150.47999382
148.243560791
149.021806717
149.345393181
148.984942436
149.382257462
151.061630249
149.967989922
148.624491692
149.263472557
149.001326561
148.608107567
149.877877235
149.910645485
150.68479538
150.152311325
149.312624931
149.226608276
150.221943855
150.791292191
148.845677376
148.780140877
149.861493111
148.710508347
149.038190842
149.103727341
148.776044846
148.522090912
149.484658241
149.587059021
148.968558311
149.226608276
148.522090912
148.505706787
150.23832798
147.403874397
149.96389389
148.866157532
148.472938538
148.931694031
148.264040947
149.292144775
149.292144775
149.980278015
148.608107567
148.931694031
148.866157532
149.275760651
149.984374046
148.575339317
148.554859161
148.776044846
148.452458382
148.743276596
147.010655403
148.624491692
149.37816143
148.350057602
148.898925781
149.775476456
149.242992401
150.85682869
143.488068581
148.366441727
148.296809196
150.545530319
148.329577446
144.843854904
149.72222805
143.365187645
150.516858101
149.742708206
150.103158951
148.517994881
149.03409481
148.522090912
149.292144775
149.37816143
148.796525002
148.538475037
149.394545555
148.431978226
149.120111465
148.452458382
148.538475037
148.399209976
149.259376526
148.96446228
148.345961571
149.259376526
148.833389282
149.7549963
149.345393181
149.447793961
148.849773407
150.54962635
148.329577446
149.464178085
148.812909126
148.796525002
149.79186058
148.591723442
148.984942436
149.361777306
148.554859161
149.361777306
149.329009056
149.312624931
148.538475037
149.156975746
149.673075676
150.631546974
148.366441727
148.608107567
149.226608276
149.329009056
149.967989922
149.709939957
150.152311325
149.65259552
148.399209976
148.812909126
148.657259941
149.210224152
150.615162849
150.807676315
150.733947754
149.156975746
149.226608276
148.329577446
148.382825851
148.780140877
149.759092331
148.505706787
148.264040947
149.140591621
149.636211395
149.845108986
150.119543076
148.452458382
149.636211395
148.604011536
148.419690132
148.587627411
148.931694031
149.808244705
148.419690132
149.468274117
149.447793961
150.205559731
148.882541656
148.575339317
145.876054764
148.329577446
151.032958031
149.636211395
149.656691551
149.329009056
149.021806717
148.313193321
149.275760651
149.222512245
149.329009056
148.366441727
148.743276596
148.968558311
148.403306007
148.452458382
148.984942436
150.119543076
148.092007637
148.829293251
149.070959091
149.82462883
148.882541656
148.915309906
149.566578865
148.554859161
148.419690132
149.124207497
150.287480354
149.79186058
149.812340736
148.366441727
148.780140877
148.759660721
148.243560791
149.324913025
148.419690132
148.931694031
148.882541656
148.243560791
149.775476456
150.430841446
148.214888573
149.738612175
149.398641586
151.319680214
148.866157532
148.403306007
148.587627411
148.898925781
150.09906292
148.706412315
148.726892471
148.862061501
148.898925781
151.151742935
150.65202713
148.517994881
148.968558311
148.640875816
148.812909126
150.27109623
148.587627411
148.419690132
149.329009056
149.329009056
150.635643005
150.840444565
148.468842506
149.279856682
148.210792542
147.539043427
149.877877235
149.329009056
148.468842506
149.554290771
147.870821953
148.350057602
149.775476456
150.205559731
148.849773407
149.001326561
150.152311325
150.017142296
149.259376526
148.915309906
149.828724861
150.68479538
149.398641586
148.743276596
149.398641586
148.812909126
148.214888573
150.017142296
148.264040947
149.038190842
149.001326561
148.128871918
148.989038467
149.345393181
148.919405937
148.726892471
148.673644066
150.09906292
149.156975746
149.140591621
150.68479538
148.726892471
148.796525002
150.1359272
150.09906292
150.566010475
146.941022873
150.65202713
149.619827271
147.833957672
149.140591621
150.393977165
150.738043785
148.296809196
150.47999382
148.984942436
148.710508347
149.296240807
149.177455902
148.604011536
148.882541656
149.001326561
148.452458382
150.16869545
150.5823946
148.644971848
150.41036129
148.759660721
148.968558311
148.178024292
149.087343216
149.189743996
150.205559731
149.656691551
148.178024292
150.275192261
148.796525002
150.5823946
149.640307426
147.764325142
149.623923302
148.571243286
148.866157532
148.300905228
148.194408417
148.247656822
148.812909126
148.329577446
148.382825851
137.872409821
149.156975746
148.317289352
149.275760651
148.452458382
148.726892471
148.472938538
150.393977165
148.96446228
149.394545555
148.730988503
149.275760651
149.312624931
149.279856682
149.001326561
148.657259941
149.03409481
149.038190842
148.505706787
150.463609695
149.808244705
147.711076736
149.070959091
148.796525002
149.20612812
148.677740097
147.969126701
148.210792542
147.850341797
148.092007637
148.178024292
149.484658241
149.070959091
148.571243286
149.292144775
148.313193321
149.156975746
150.049910545
149.431409836
149.484658241
148.690028191
149.468274117
148.157544136
148.796525002
148.468842506
148.640875816
148.710508347
148.984942436
148.796525002
149.55019474
149.603443146
149.275760651
149.771380424
148.178024292
150.47999382
149.173359871
149.259376526
148.780140877
148.624491692
148.79242897
148.657259941
148.604011536
150.06629467
148.849773407
150.72165966
148.231272697
149.673075676
148.264040947
148.984942436
148.661355972
150.545530319
148.399209976
149.566578865
150.30796051
148.812909126
145.273938179
148.796525002
147.784805298
145.531988144
148.694124222
149.415025711
148.690028191
149.587059021
149.312624931
150.013046265
149.259376526
149.689459801
149.742708206
148.849773407
148.640875816
151.045246124
149.210224152
149.689459801
149.587059021
149.619827271
149.259376526
146.990175247
150.430841446
148.436074257
150.152311325
150.103158951
149.275760651
148.382825851
148.796525002
149.193840027
149.173359871
149.038190842
148.690028191
149.259376526
148.026471138
148.264040947
148.505706787
148.087911606
148.247656822
148.657259941
148.726892471
149.275760651
149.054574966
149.173359871
148.866157532
151.06572628
148.743276596
148.759660721
148.931694031
149.656691551
148.747372627
148.161640167
148.657259941
149.501042366
148.710508347
144.331851006
148.624491692
147.952742577
148.436074257
148.231272697
149.705843925
150.033526421
150.275192261
148.259944916
149.501042366
149.484658241
149.48056221
148.898925781
149.484658241
149.021806717
148.108391762
150.615162849
149.517426491
149.087343216
148.108391762
149.415025711
148.313193321
148.505706787
148.485226631
148.829293251
148.087911606
148.468842506
148.264040947
149.312624931
150.807676315
148.366441727
148.624491692
145.204305649
148.935790062
149.345393181
148.829293251
149.021806717
149.292144775
143.72563839
148.399209976
147.764325142
147.371106148
147.113056183
149.947509766
143.4512043
149.759092331
147.592291832
148.382825851
148.227176666
148.436074257
148.128871918
150.017142296
150.049910545
148.694124222
148.300905228
148.677740097
150.668411255
150.1359272
149.382257462
149.82462883
148.812909126
149.189743996
148.591723442
149.382257462
148.763756752
149.656691551
150.373497009
150.738043785
149.398641586
148.505706787
148.817005157
150.070390701
149.124207497
148.124775887
151.323776245
148.780140877
149.226608276
148.759660721
148.092007637
148.554859161
148.366441727
149.226608276
148.468842506
148.608107567
148.591723442
148.554859161
148.005990982
148.571243286
149.82462883
148.710508347
148.485226631
148.538475037
148.554859161
148.591723442
148.022375107
148.280425072
149.222512245
149.156975746
149.96389389
150.09906292
148.517994881
150.000758171
148.726892471
150.119543076
148.382825851
149.759092331
149.570674896
150.602874756
148.366441727
148.984942436
148.382825851
144.58990097
148.280425072
148.694124222
149.689459801
148.710508347
148.092007637
148.624491692
147.850341797
148.591723442
149.7549963
148.505706787
148.198504448
149.124207497
148.452458382
150.602874756
150.201463699
148.984942436
148.898925781
149.89426136
148.157544136
148.517994881
147.883110046
148.161640167
148.231272697
148.849773407
148.796525002
148.313193321
150.291576385
148.452458382
149.841012955
148.882541656
149.910645485
148.694124222
148.571243286
151.233663559
150.049910545
147.178592682
149.984374046
150.324344635
148.145256042
148.522090912
148.092007637
150.561914444
150.291576385
147.801189423
149.447793961
148.399209976
148.386921883
148.227176666
149.242992401
147.833957672
149.292144775
149.89426136
148.710508347
148.780140877
148.333673477
148.468842506
147.969126701
148.538475037
148.468842506
149.140591621
150.156407356
148.468842506
148.026471138
148.591723442
148.042855263
148.485226631
148.640875816
149.107823372
149.156975746
150.1359272
148.075623512
148.640875816
148.657259941
148.726892471
148.624491692
148.178024292
148.038759232
148.214888573
150.287480354
149.759092331
149.070959091
148.194408417
148.796525002
148.694124222
148.829293251
148.333673477
149.156975746
148.366441727
149.226608276
149.533810616
149.345393181
149.120111465
149.570674896
148.640875816
148.296809196
143.96730423
149.259376526
148.554859161
147.625060081
148.005990982
149.103727341
148.243560791
149.931125641
149.292144775
149.120111465
148.247656822
150.082678795
148.571243286
149.120111465
149.640307426
150.06629467
150.443129539
150.221943855
149.087343216
148.538475037
149.259376526
149.259376526
148.587627411
149.48056221
150.619258881
148.214888573
149.021806717
149.070959091
149.226608276
150.049910545
149.259376526
148.882541656
150.598778725
148.075623512
150.049910545
151.23775959
148.829293251
149.365873337
149.517426491
150.189175606
145.24116993
149.537906647
149.431409836
149.226608276
150.049910545
149.140591621
148.300905228
149.001326561
149.296240807
148.694124222
149.312624931
149.173359871
150.68479538
148.878445625
150.393977165
149.324913025
148.259944916
148.812909126
149.087343216
150.959229469
149.55019474
148.296809196
149.705843925
149.673075676
150.51276207
150.803580284
149.447793961
148.382825851
148.554859161
150.033526421
150.566010475
147.919974327
148.231272697
148.092007637
147.715172768
148.329577446
144.20897007
148.468842506
150.37759304
150.242424011
150.16869545
148.350057602
145.994839668
148.264040947
148.022375107
148.259944916
148.071527481
149.89426136
148.984942436
148.522090912
149.468274117
150.516858101
149.99666214
149.054574966
148.178024292
148.247656822
150.30796051
149.619827271
151.27052784
149.640307426
144.053320885
149.087343216
150.033526421
148.640875816
150.463609695
149.193840027
149.312624931
145.396819115
149.124207497
149.79186058
149.808244705
149.275760651
148.882541656
148.608107567
149.931125641
149.173359871
150.393977165
148.726892471
148.227176666
149.587059021
147.850341797
150.242424011
149.636211395
148.919405937
150.017142296
148.178024292
149.640307426
149.263472557
148.747372627
148.194408417
149.296240807
148.419690132
148.948078156
149.050478935
148.436074257
149.001326561
148.624491692
149.72222805
149.79186058
148.317289352
149.210224152
149.980278015
149.537906647
148.214888573
149.96389389
148.796525002
148.575339317
148.608107567
148.333673477
148.247656822
148.386921883
149.673075676
149.13649559
148.673644066
147.715172768
150.033526421
148.694124222
150.086774826
148.845677376
148.624491692
148.952174187
150.221943855
149.087343216
148.673644066
148.436074257
149.292144775
149.259376526
148.194408417
149.72222805
149.636211395
148.161640167
149.3085289
149.054574966
148.710508347
148.317289352
148.780140877
148.624491692
149.120111465
148.452458382
148.247656822
148.743276596
148.485226631
147.027039528
149.038190842
149.226608276
148.882541656
149.296240807
149.140591621
150.54962635
150.221943855
149.193840027
149.222512245
148.210792542
149.193840027
149.431409836
148.210792542
149.501042366
149.775476456
149.070959091
149.054574966
149.275760651
148.833389282
148.968558311
149.361777306
148.587627411
149.20612812
148.604011536
149.861493111
148.968558311
145.24116993
148.141160011
150.68479538
148.399209976
148.485226631
149.673075676
150.324344635
149.96389389
148.247656822
149.517426491
148.829293251
149.931125641
149.845108986
149.496946335
147.539043427
148.640875816
150.447225571
149.484658241
149.96389389
149.877877235
148.575339317
148.968558311
148.141160011
148.382825851
150.770812035
148.436074257
147.973222733
150.205559731
148.575339317
149.156975746
149.189743996
150.017142296
150.54962635
149.107823372
148.862061501
150.910077095
150.205559731
148.898925781
148.485226631
150.16869545
150.221943855
148.608107567
148.522090912
148.161640167
148.157544136
150.23832798
148.796525002
150.68479538
148.690028191
149.107823372
148.501610756
149.124207497
147.952742577
150.033526421
148.522090912
149.464178085
149.001326561
148.812909126
150.324344635
147.596387863
148.710508347
149.689459801
148.571243286
149.03409481
148.694124222
149.828724861
148.812909126
148.644971848
150.000758171
148.382825851
114.729833603
150.393977165
148.968558311
149.468274117
148.300905228
148.452458382
149.156975746
150.033526421
149.329009056
150.103158951
149.296240807
148.845677376
149.603443146
148.317289352
148.280425072
149.038190842
148.280425072
148.677740097
149.275760651
149.259376526
150.029430389
149.398641586
149.775476456
147.145824432
149.103727341
149.017710686
150.82406044
149.140591621
149.038190842
150.30796051
149.623923302
149.103727341
148.608107567
149.292144775
149.533810616
150.819964409
148.780140877
148.280425072
148.796525002
148.812909126
148.141160011
148.399209976
147.850341797
149.636211395
150.922365189
149.20612812
148.747372627
148.657259941
149.140591621
148.296809196
149.947509766
150.414457321
148.968558311
148.178024292
148.743276596
149.431409836
148.743276596
148.845677376
149.242992401
149.431409836
148.333673477
148.554859161
149.312624931
148.554859161
148.403306007
151.045246124
148.812909126
149.279856682
150.033526421
148.591723442
148.468842506
149.312624931
149.054574966
148.743276596
148.759660721
148.882541656
149.759092331
148.227176666
148.796525002
148.300905228
149.673075676
149.92702961
148.845677376
150.000758171
149.464178085
150.1359272
148.743276596
149.259376526
149.656691551
149.464178085
150.361208916
148.092007637
150.27109623
148.710508347
149.156975746
150.30796051
148.984942436
150.16869545
149.222512245
140.788784027
149.017710686
148.280425072
149.517426491
148.763756752
148.333673477
148.108391762
148.296809196
149.242992401
149.242992401
149.468274117
149.517426491
148.726892471
148.812909126
148.296809196
149.021806717
148.194408417
148.624491692
149.120111465
149.038190842
148.710508347
149.103727341
149.759092331
149.193840027
149.189743996
148.317289352
149.72222805
148.538475037
149.189743996
148.640875816
150.119543076
148.898925781
150.119543076
148.743276596
148.436074257
150.070390701
150.205559731
148.313193321
149.431409836
150.1359272
148.247656822
149.947509766
149.292144775
148.694124222
148.690028191
148.915309906
148.931694031
148.194408417
150.463609695
149.242992401
149.242992401
148.345961571
148.145256042
148.935790062
148.743276596
150.840444565
149.189743996
148.415594101
148.243560791
148.952174187
149.152879715
150.06629467
148.247656822
148.796525002
149.656691551
148.280425072
148.984942436
148.554859161
149.210224152
149.55019474
149.329009056
149.947509766
148.849773407
148.575339317
150.393977165
149.496946335
148.280425072
149.156975746
150.393977165
149.120111465
149.980278015
148.759660721
148.452458382
148.108391762
148.231272697
145.462355614
148.866157532
148.247656822
149.72222805
149.345393181
149.140591621
150.459513664
150.30796051
148.812909126
148.538475037
148.640875816
150.119543076
148.554859161
149.361777306
148.829293251
148.673644066
149.3085289
150.803580284
147.936358452
148.776044846
148.591723442
148.350057602
149.038190842
148.124775887
149.640307426
148.403306007
148.350057602
148.558955193
148.726892471
149.96389389
149.275760651
148.538475037
149.087343216
148.161640167
150.344824791
148.915309906
148.743276596
149.603443146
149.96389389
148.624491692
149.001326561
148.984942436
146.957406998
149.79186058
149.13649559
149.689459801
148.227176666
148.157544136
148.436074257
148.657259941
150.1359272
148.608107567
149.259376526
149.619827271
148.522090912
149.189743996
148.210792542
149.140591621
148.759660721
148.468842506
150.172791481
148.005990982
149.828724861
150.27109623
148.657259941
149.775476456
148.624491692
148.055143356
150.049910545
149.845108986
148.796525002
148.931694031
149.464178085
148.608107567
148.194408417
149.124207497
148.657259941
149.910645485
145.306706429
148.350057602
148.968558311
150.647931099
147.420258522
149.173359871
148.055143356
150.152311325
150.086774826
148.898925781
149.279856682
149.329009056
146.424922943
149.156975746
149.689459801
149.345393181
150.291576385
148.882541656
148.419690132
148.436074257
150.221943855
148.604011536
148.624491692
148.878445625
148.743276596
148.419690132
148.726892471
151.028862
150.086774826
151.221375465
149.312624931
149.37816143
148.817005157
150.033526421
149.415025711
149.156975746
150.635643005
149.13649559
149.484658241
148.575339317
149.070959091
149.496946335
150.41036129
150.430841446
148.624491692
148.210792542
145.273938179
151.303296089
149.947509766
148.382825851
150.23832798
147.010655403
147.080287933
148.640875816
150.430841446
149.156975746
149.931125641
147.850341797
148.366441727
148.694124222
148.522090912
148.984942436
149.193840027
148.538475037
149.668979645
148.694124222
148.468842506
149.394545555
150.733947754
148.866157532
148.538475037
148.726892471
148.935790062
149.775476456
149.533810616
148.538475037
147.575907707
149.484658241
148.817005157
149.877877235
149.468274117
149.017710686
149.087343216
147.833957672
149.533810616
149.054574966
148.640875816
148.710508347
149.775476456
149.759092331
148.984942436
148.591723442
148.931694031
150.873212814
149.070959091
149.296240807
148.882541656
149.070959091
148.264040947
148.710508347
148.726892471
148.743276596
150.205559731
148.657259941
148.366441727
148.833389282
149.947509766
148.984942436
150.119543076
149.054574966
148.759660721
149.533810616
150.37759304
148.178024292
148.878445625
149.329009056
148.210792542
149.263472557
149.242992401
148.141160011
148.264040947
149.501042366
148.259944916
149.82462883
149.156975746
149.001326561
149.533810616
148.517994881
149.79186058
148.517994881
148.690028191
151.200895309
150.000758171
149.468274117
148.862061501
148.022375107
148.485226631
149.775476456
150.82406044
149.398641586
148.915309906
150.291576385
149.038190842
149.329009056
149.96389389
149.120111465
149.484658241
148.829293251
150.000758171
148.866157532
145.601620674
148.849773407
150.291576385
149.345393181
150.119543076
149.054574966
151.045246124
149.415025711
149.20612812
150.361208916
148.640875816
149.03409481
149.398641586
149.070959091
149.623923302
149.775476456
150.393977165
149.001326561
149.087343216
149.226608276
150.529146194
149.124207497
148.677740097
150.017142296
149.021806717
150.000758171
149.554290771
148.677740097
150.92646122
150.34072876
149.58296299
150.959229469
148.780140877
149.415025711
150.373497009
137.04501152
149.533810616
149.517426491
151.028862
148.624491692
150.82406044
150.205559731
148.882541656
149.468274117
149.517426491
148.694124222
148.882541656
150.942845345
149.65259552
149.812340736
149.980278015
149.415025711
149.173359871
150.393977165
149.021806717
148.157544136
150.41036129
141.751351357
150.68479538
150.47999382
148.501610756
149.242992401
149.156975746
149.673075676
150.017142296
150.92646122
150.738043785
148.608107567
150.30796051
149.587059021
148.780140877
148.485226631
149.914741516
149.361777306
148.759660721
150.566010475
148.968558311
149.087343216
148.726892471
149.861493111
149.124207497
149.947509766
148.522090912
148.882541656
148.833389282
148.849773407
148.452458382
148.776044846
150.889596939
151.696515083
150.221943855
151.061630249
148.948078156
149.312624931
149.82462883
149.79186058
148.571243286
148.935790062
148.280425072
148.898925781
150.34072876
150.738043785
