a150
147.883110046
148.690028191
148.673644066
149.92702961
150.75442791
148.726892471
149.361777306
148.366441727
150.840444565
147.612771988
148.075623512
148.452458382
147.919974327
148.657259941
148.026471138
148.489322662
148.485226631
150.443129539
148.452458382
148.608107567
150.566010475
148.280425072
148.194408417
147.969126701
149.226608276
148.796525002
149.054574966
148.194408417
149.828724861
148.264040947
148.333673477
149.189743996
150.791292191
148.690028191
149.3085289
148.743276596
149.120111465
149.242992401
150.47999382
149.242992401
148.194408417
148.141160011
149.431409836
149.259376526
150.172791481
149.484658241
148.673644066
148.210792542
148.415594101
148.845677376
149.193840027
148.243560791
148.415594101
149.173359871
149.394545555
149.738612175
148.829293251
148.505706787
148.624491692
150.701179504
149.914741516
148.780140877
148.759660721
148.522090912
148.554859161
148.247656822
149.398641586
148.489322662
148.178024292
146.855006218
148.538475037
148.624491692
149.619827271
148.726892471
148.776044846
148.690028191
149.447793961
150.500473976
148.485226631
147.166304588
150.85682869
148.452458382
148.247656822
147.575907707
148.571243286
150.152311325
148.608107567
148.231272697
150.033526421
150.070390701
149.947509766
148.968558311
149.96389389
150.013046265
148.812909126
149.361777306
148.382825851
148.501610756
149.464178085
149.79186058
150.389881134
148.296809196
149.570674896
149.156975746
149.96389389
150.787196159
149.005422592
148.915309906
148.194408417
149.705843925
148.178024292
148.419690132
147.936358452
150.615162849
149.292144775
149.587059021
