a200
197.846498489
197.453279495
198.927850723
199.304685593
199.493103027
199.788017273
199.390702248
198.821353912
199.542255402
198.583784103
197.776865959
199.890418053
198.030819893
198.825449944
198.514151573
198.993387222
200.660471916
198.944234848
198.481383324
198.051300049
199.321069717
199.923186302
198.514151573
198.08816433
197.465567589
198.395366669
201.332221031
197.555680275
200.869369507
198.497767448
197.879266739
198.084068298
197.15836525
198.190565109
198.600168228
197.604832649
197.895650864
198.272485733
198.084068298
199.509487152
197.826018333
197.02319622
200.816121101
200.541687012
198.256101608
197.658081055
197.191133499
200.799736977
198.890986443
199.067115784
197.740001678
199.443950653
198.702569008
197.432799339
198.464999199
187.483539581
198.325734138
116.597623825
199.202284813
198.944234848
196.302294731
199.702000618
198.018531799
198.755817413
197.686753273
198.034915924
198.084068298
197.899746895
199.804401398
198.616552353
199.067115784
198.378982544
199.443950653
200.799736977
197.842402458
197.776865959
200.336885452
198.964715004
198.325734138
198.051300049
197.154269218
197.776865959
198.260197639
200.558071136
197.842402458
198.874602318
200.353269577
198.325734138
198.08816433
198.907370567
199.013867378
199.976434708
197.125597
200.918521881
198.444519043
197.551584244
198.821353912
198.411750793
197.535200119
200.660471916
197.518815994
197.862882614
198.153700829
197.125597
197.428703308
198.014435768
199.939570427
199.906802177
197.40003109
198.907370567
198.960618973
198.002147675
198.206949234
197.449183464
198.223333359
198.739433289
198.002147675
198.821353912
199.153132439
197.670369148
198.637032509
198.223333359
198.432230949
199.390702248
197.776865959
198.358502388
197.912034988
199.562735558
197.707233429
198.690280914
198.444519043
197.486047745
198.927850723
200.320501328
198.018531799
200.885753632
198.120932579
197.33039856
198.702569008
197.842402458
197.830114365
200.234484673
199.493103027
197.535200119
198.583784103
198.530535698
197.776865959
198.170084953
197.912034988
198.620648384
198.616552353
200.390133858
198.686184883
197.449183464
197.723617554
198.15779686
200.250868797
198.772201538
199.820785522
197.928419113
199.374318123
197.879266739
198.567399979
199.288301468
198.084068298
197.879266739
199.165420532
197.756385803
197.346782684
197.895650864
197.29763031
197.707233429
198.632936478
200.181236267
197.793250084
199.837169647
199.628272057
197.293534279
200.041971207
197.518815994
197.793250084
198.497767448
197.998051643
197.895650864
198.395366669
199.357933998
197.5720644
193.754563332
198.288869858
199.271917343
198.702569008
198.497767448
197.36726284
197.449183464
198.878698349
198.018531799
197.50243187
198.841834068
198.530535698
198.223333359
197.46966362
197.932515144
199.566831589
198.858218193
198.825449944
196.830682755
199.083499908
200.644087791
198.546919823
198.325734138
201.209340096
198.858218193
197.826018333
200.283637047
198.551015854
197.64169693
197.465567589
197.776865959
197.895650864
197.723617554
194.184646606
197.379550934
199.992818832
197.998051643
198.497767448
199.046635628
198.755817413
200.025587082
198.874602318
199.783921242
198.911466599
197.346782684
198.653416634
197.588448524
198.514151573
197.690849304
199.702000618
199.374318123
198.686184883
199.837169647
199.460334778
197.260766029
197.879266739
199.427566528
197.653985023
198.206949234
198.497767448
194.770379066
197.449183464
198.256101608
197.776865959
199.992818832
198.276581764
199.050731659
197.50243187
197.776865959
198.841834068
200.406517982
199.083499908
198.358502388
198.116836548
199.325165749
199.632368088
200.578551292
200.336885452
198.739433289
200.214004517
198.342118263
198.239717484
199.239149094
198.755817413
198.411750793
198.481383324
200.627703667
200.025587082
197.498335838
198.755817413
198.362598419
199.251437187
199.767537117
198.772201538
199.271917343
199.460334778
198.137316704
197.899746895
199.497199059
199.632368088
198.325734138
198.669800758
199.325165749
197.674465179
197.277150154
199.341549873
197.707233429
197.899746895
197.981667519
197.707233429
198.497767448
198.755817413
198.534631729
198.432230949
198.239717484
198.432230949
199.304685593
198.116836548
198.309350014
198.100452423
197.793250084
197.707233429
199.341549873
198.718953133
197.658081055
199.325165749
198.825449944
199.407086372
197.981667519
196.433367729
197.842402458
197.756385803
198.08816433
197.91613102
198.067684174
198.342118263
200.525302887
199.869937897
199.525871277
197.81373024
197.793250084
196.421079636
197.809634209
197.035484314
197.432799339
197.740001678
198.325734138
198.170084953
198.014435768
197.293534279
200.353269577
198.309350014
200.025587082
197.260766029
198.649320602
197.625312805
200.918521881
198.428134918
197.621216774
199.734768867
198.170084953
199.869937897
198.551015854
198.288869858
198.104548454
198.153700829
198.653416634
199.804401398
198.309350014
200.373749733
198.481383324
199.288301468
198.907370567
198.223333359
199.529967308
197.862882614
200.013298988
197.670369148
198.718953133
197.346782684
199.923186302
200.009202957
197.690849304
198.686184883
199.308781624
198.174180984
199.853553772
198.718953133
197.862882614
196.7446661
198.518247604
198.260197639
197.174749374
197.809634209
200.025587082
198.030819893
200.234484673
197.858786583
199.939570427
197.637600899
197.50243187
199.960050583
197.416415215
199.169516563
198.583784103
199.181804657
197.981667519
200.058355331
198.002147675
197.33039856
198.514151573
196.761050224
197.039580345
196.576728821
197.281246185
197.567968369
199.529967308
199.837169647
198.346214294
197.50243187
198.256101608
197.637600899
198.034915924
197.314014435
197.879266739
199.476718903
197.637600899
197.326302528
197.895650864
198.411750793
199.615983963
199.423470497
200.590839386
197.674465179
198.018531799
197.879266739
198.309350014
197.776865959
200.951290131
200.148468018
200.816121101
198.206949234
198.702569008
197.674465179
198.977003098
198.600168228
199.460334778
199.321069717
197.244381905
198.444519043
197.707233429
198.223333359
197.05596447
200.353269577
196.7446661
197.981667519
200.181236267
197.740001678
199.886322021
198.669800758
198.530535698
198.669800758
197.637600899
199.271917343
199.734768867
197.862882614
197.760481834
199.460334778
201.176571846
198.137316704
197.621216774
200.332789421
198.153700829
198.534631729
198.944234848
200.214004517
200.267252922
198.067684174
197.809634209
197.588448524
199.235053062
198.649320602
199.628272057
198.804969788
200.906233788
199.095788002
200.902137756
202.003970146
198.907370567
197.723617554
200.713720322
198.018531799
197.981667519
198.755817413
199.202284813
198.411750793
198.637032509
197.211613655
197.432799339
197.723617554
200.197620392
198.825449944
198.378982544
198.653416634
198.051300049
198.051300049
198.358502388
198.907370567
197.932515144
197.481951714
197.637600899
199.767537117
199.943666458
199.493103027
198.014435768
198.034915924
199.374318123
198.841834068
198.067684174
199.943666458
197.223901749
198.792681694
199.800305367
199.513583183
198.362598419
199.136748314
198.878698349
200.541687012
196.900315285
198.071780205
198.600168228
198.190565109
197.981667519
196.384215355
198.067684174
199.063019753
198.907370567
197.551584244
198.100452423
199.595503807
197.551584244
197.879266739
198.514151573
197.756385803
192.550330162
198.186469078
199.546351433
197.895650864
198.170084953
200.525302887
198.620648384
198.600168228
198.288869858
197.707233429
198.391270638
200.918521881
197.998051643
198.567399979
197.809634209
199.267821312
198.718953133
199.886322021
198.137316704
199.456238747
198.895082474
197.998051643
198.944234848
197.449183464
199.013867378
197.707233429
197.91613102
201.98348999
198.895082474
201.401853561
197.50243187
195.282382965
197.826018333
199.255533218
200.558071136
200.648183823
198.583784103
199.132652283
199.013867378
198.030819893
200.730104446
198.08816433
199.423470497
198.014435768
198.583784103
197.588448524
200.111603737
198.186469078
197.862882614
198.444519043
198.448615074
199.304685593
198.702569008
197.653985023
199.460334778
199.890418053
198.391270638
198.530535698
199.067115784
199.169516563
198.018531799
199.288301468
199.800305367
201.246204376
198.809065819
199.321069717
198.890986443
197.830114365
197.809634209
197.879266739
198.600168228
198.977003098
200.611319542
198.342118263
197.879266739
198.120932579
197.53929615
201.176571846
197.895650864
199.132652283
199.046635628
200.369653702
198.530535698
198.977003098
195.356111526
197.674465179
197.621216774
198.567399979
198.002147675
199.255533218
198.788585663
198.858218193
200.697336197
200.046067238
201.180667877
198.358502388
199.804401398
197.383646965
200.283637047
199.321069717
198.702569008
199.185900688
197.826018333
197.760481834
199.427566528
200.250868797
198.653416634
199.615983963
197.449183464
197.772769928
197.002716064
199.013867378
198.153700829
197.842402458
198.104548454
198.460903168
198.874602318
197.670369148
198.223333359
198.067684174
199.357933998
198.084068298
197.842402458
201.025018692
197.928419113
198.804969788
198.342118263
198.702569008
197.998051643
198.411750793
197.260766029
197.846498489
199.353837967
200.197620392
198.276581764
197.91613102
199.702000618
198.325734138
198.239717484
199.218668938
198.223333359
198.895082474
198.272485733
197.518815994
198.153700829
198.137316704
198.378982544
198.551015854
198.014435768
199.513583183
198.960618973
198.288869858
198.067684174
197.604832649
199.804401398
198.616552353
200.922617912
198.444519043
199.288301468
198.309350014
198.964715004
199.165420532
198.739433289
198.460903168
197.928419113
199.271917343
198.706665039
198.137316704
198.034915924
197.64169693
197.965283394
198.460903168
198.825449944
198.276581764
194.975180626
197.707233429
198.911466599
198.772201538
199.427566528
201.020922661
197.91613102
197.363166809
197.621216774
197.826018333
197.363166809
197.772769928
200.525302887
201.451005936
197.760481834
198.120932579
198.583784103
197.498335838
198.755817413
197.621216774
198.534631729
197.670369148
198.686184883
197.707233429
197.707233429
198.305253983
199.251437187
197.965283394
197.690849304
198.825449944
197.465567589
200.111603737
197.965283394
199.132652283
198.637032509
198.018531799
198.600168228
199.390702248
197.948899269
198.374886513
197.912034988
198.616552353
197.498335838
198.325734138
198.518247604
199.599599838
198.084068298
199.390702248
198.497767448
198.170084953
198.358502388
197.518815994
197.621216774
117.216124535
197.621216774
197.637600899
200.111603737
199.099884033
199.546351433
198.051300049
198.444519043
197.453279495
198.546919823
199.718384743
198.018531799
198.034915924
200.062451363
198.120932579
198.772201538
199.136748314
197.637600899
199.304685593
197.535200119
197.740001678
197.481951714
197.621216774
200.369653702
199.083499908
197.74409771
197.842402458
199.132652283
198.497767448
199.407086372
199.906802177
198.653416634
197.432799339
198.686184883
198.444519043
197.486047745
197.465567589
198.411750793
198.206949234
198.567399979
199.509487152
199.665136337
199.976434708
199.321069717
200.713720322
198.276581764
198.137316704
198.600168228
197.653985023
200.504822731
198.723049164
199.837169647
197.74409771
197.727713585
198.600168228
198.841834068
197.862882614
199.632368088
199.767537117
199.734768867
197.604832649
197.858786583
198.276581764
198.067684174
203.478541374
197.91613102
200.574455261
198.927850723
197.965283394
200.594935417
200.320501328
197.449183464
199.529967308
198.292965889
198.858218193
197.998051643
197.862882614
197.379550934
198.960618973
198.153700829
197.567968369
200.902137756
197.416415215
198.702569008
197.621216774
200.422902107
198.084068298
198.219237328
198.378982544
198.358502388
198.546919823
197.707233429
199.271917343
199.390702248
197.674465179
200.402421951
198.518247604
197.604832649
201.315836906
198.395366669
198.223333359
198.686184883
200.746488571
200.541687012
199.525871277
198.837738037
199.788017273
199.509487152
198.530535698
199.063019753
199.615983963
198.276581764
198.219237328
197.846498489
198.718953133
199.853553772
198.325734138
198.325734138
198.137316704
199.853553772
197.449183464
198.804969788
197.346782684
198.739433289
197.453279495
197.846498489
197.64169693
200.951290131
198.788585663
199.304685593
197.809634209
198.153700829
198.890986443
198.637032509
199.804401398
197.518815994
197.486047745
197.948899269
198.772201538
197.899746895
198.309350014
197.465567589
200.820217133
198.841834068
197.277150154
197.895650864
198.034915924
201.229820251
198.08816433
197.690849304
198.137316704
198.190565109
197.932515144
198.583784103
198.014435768
198.530535698
201.025018692
198.841834068
198.481383324
197.40003109
198.927850723
198.460903168
198.907370567
198.034915924
198.325734138
200.713720322
197.760481834
199.751152992
198.448615074
199.804401398
199.874033928
200.230388641
198.002147675
198.981099129
198.186469078
197.740001678
198.362598419
198.481383324
199.443950653
197.604832649
200.730104446
197.948899269
197.842402458
198.186469078
198.858218193
200.730104446
197.707233429
197.981667519
198.137316704
197.072348595
198.206949234
197.81373024
198.444519043
198.960618973
198.137316704
198.702569008
198.428134918
197.707233429
198.686184883
198.890986443
198.342118263
197.326302528
199.063019753
196.965851784
199.390702248
198.702569008
200.525302887
198.358502388
198.579688072
198.723049164
200.009202957
198.735337257
197.740001678
196.36783123
197.481951714
200.234484673
199.992818832
197.551584244
197.293534279
197.842402458
199.357933998
198.104548454
197.637600899
197.498335838
198.583784103
198.239717484
198.718953133
197.518815994
197.15836525
198.378982544
199.579119682
198.977003098
198.256101608
198.444519043
199.955954552
197.535200119
200.041971207
198.514151573
198.809065819
197.600736618
197.846498489
197.723617554
197.244381905
198.428134918
197.998051643
198.223333359
200.422902107
197.981667519
197.723617554
198.411750793
200.164852142
200.766968727
193.996229172
199.681520462
198.272485733
198.305253983
198.751721382
199.906802177
197.432799339
199.390702248
198.497767448
200.971770287
197.981667519
198.378982544
200.627703667
198.428134918
198.809065819
199.460334778
200.111603737
197.486047745
198.911466599
199.079403877
197.653985023
199.648752213
199.013867378
197.551584244
197.879266739
198.563303947
199.185900688
197.416415215
198.014435768
197.674465179
198.809065819
197.346782684
198.120932579
197.346782684
198.276581764
199.820785522
199.697904587
199.665136337
197.121500969
197.019100189
198.153700829
198.669800758
198.256101608
198.981099129
199.476718903
197.05596447
197.293534279
197.776865959
198.256101608
200.234484673
198.170084953
198.464999199
197.551584244
198.702569008
197.948899269
199.288301468
198.718953133
197.449183464
198.342118263
198.362598419
197.281246185
199.906802177
200.836601257
197.277150154
197.740001678
198.051300049
196.88393116
199.218668938
199.013867378
198.067684174
200.062451363
199.407086372
196.98633194
197.068252563
197.862882614
197.846498489
197.809634209
197.40003109
197.486047745
200.525302887
197.965283394
200.250868797
197.690849304
198.292965889
198.944234848
197.674465179
199.460334778
196.777434349
196.830682755
195.990996361
198.170084953
197.707233429
199.099884033
198.616552353
199.923186302
197.40003109
197.363166809
197.465567589
197.068252563
197.621216774
197.670369148
197.207517624
199.149036407
197.314014435
198.100452423
197.690849304
199.132652283
198.567399979
197.088732719
198.309350014
196.830682755
195.50766468
197.293534279
196.969947815
200.353269577
197.50243187
197.535200119
197.191133499
200.488438606
198.067684174
197.555680275
196.81429863
198.292965889
199.235053062
196.900315285
198.018531799
196.88393116
198.600168228
198.432230949
198.358502388
199.218668938
198.911466599
197.50243187
198.358502388
198.08816433
197.760481834
199.288301468
198.223333359
197.50243187
199.239149094
197.191133499
200.111603737
197.879266739
198.018531799
197.862882614
198.309350014
198.292965889
197.981667519
197.277150154
195.696082115
197.637600899
197.191133499
196.867547035
198.702569008
199.165420532
197.346782684
197.395935059
197.625312805
197.809634209
197.207517624
197.776865959
197.895650864
197.776865959
197.481951714
196.85116291
198.104548454
197.707233429
197.109212875
197.277150154
197.125597
198.600168228
198.567399979
200.422902107
198.460903168
197.740001678
199.734768867
198.460903168
197.207517624
198.432230949
199.718384743
198.067684174
197.125597
197.948899269
197.277150154
197.395935059
199.337453842
199.149036407
198.030819893
198.530535698
198.067684174
197.895650864
197.535200119
199.165420532
200.144371986
198.030819893
199.116268158
197.965283394
201.004538536
198.346214294
197.74409771
197.895650864
199.857649803
198.15779686
197.637600899
197.707233429
200.181236267
197.449183464
197.363166809
198.153700829
200.418806076
199.423470497
196.98633194
197.244381905
200.164852142
197.928419113
197.5720644
200.250868797
199.820785522
197.776865959
197.346782684
199.099884033
201.176571846
196.175317764
198.911466599
200.095219612
198.514151573
197.379550934
197.449183464
197.879266739
196.765146255
199.321069717
197.846498489
196.78153038
197.621216774
197.379550934
197.842402458
199.374318123
198.837738037
200.214004517
198.309350014
199.374318123
197.211613655
197.674465179
197.621216774
197.207517624
196.040148735
197.33039856
198.428134918
197.15836525
199.321069717
199.767537117
198.034915924
198.15779686
198.637032509
198.514151573
198.927850723
196.81429863
198.637032509
198.739433289
197.314014435
198.411750793
198.890986443
200.127987862
197.637600899
198.997483253
198.616552353
198.051300049
198.309350014
199.304685593
198.706665039
199.493103027
197.551584244
197.707233429
199.030251503
196.589016914
196.797914505
196.900315285
198.223333359
199.239149094
197.809634209
197.674465179
199.767537117
199.734768867
197.50243187
197.260766029
196.53986454
198.190565109
197.879266739
197.535200119
197.674465179
198.309350014
197.637600899
196.98633194
199.132652283
197.740001678
198.100452423
196.7446661
198.448615074
198.804969788
197.19522953
197.277150154
197.260766029
197.383646965
197.19522953
197.551584244
196.969947815
197.670369148
200.455670357
197.223901749
197.584352493
197.965283394
200.799736977
197.760481834
199.976434708
199.583215714
199.767537117
199.149036407
198.391270638
197.174749374
197.637600899
197.723617554
200.246772766
196.965851784
197.555680275
200.459766388
199.288301468
197.723617554
198.960618973
200.214004517
199.513583183
199.030251503
199.714288712
197.91613102
198.186469078
198.067684174
197.879266739
197.895650864
199.427566528
200.111603737
197.002716064
199.976434708
199.304685593
198.837738037
198.977003098
198.825449944
197.756385803
198.686184883
198.669800758
198.358502388
198.034915924
200.611319542
198.170084953
197.658081055
200.214004517
197.862882614
198.477287292
198.448615074
198.432230949
198.239717484
200.934906006
197.895650864
199.083499908
198.256101608
198.071780205
198.362598419
198.084068298
197.809634209
198.411750793
198.514151573
198.260197639
196.679129601
197.551584244
198.637032509
198.104548454
198.272485733
198.706665039
198.034915924
199.923186302
198.374886513
198.821353912
198.964715004
198.104548454
197.5720644
199.665136337
198.170084953
199.099884033
198.497767448
197.674465179
199.665136337
200.406517982
197.723617554
197.326302528
197.760481834
198.444519043
196.281814575
198.346214294
198.497767448
199.562735558
197.793250084
200.386037827
197.416415215
198.977003098
198.374886513
198.342118263
198.825449944
198.497767448
197.314014435
199.837169647
200.406517982
198.342118263
198.411750793
199.099884033
197.793250084
198.460903168
197.621216774
198.260197639
198.051300049
198.276581764
197.981667519
198.018531799
197.535200119
199.493103027
200.320501328
198.002147675
197.965283394
199.681520462
199.476718903
199.116268158
198.170084953
197.98576355
197.449183464
198.116836548
200.611319542
198.002147675
198.342118263
197.842402458
198.448615074
197.723617554
200.316405296
198.858218193
199.288301468
199.960050583
198.276581764
199.046635628
198.120932579
200.386037827
197.588448524
202.057218552
198.804969788
198.653416634
198.632936478
197.449183464
199.460334778
198.497767448
198.567399979
197.653985023
198.395366669
197.793250084
198.460903168
198.600168228
199.562735558
198.706665039
199.509487152
198.890986443
