a200
197.5720644
197.223901749
197.191133499
197.948899269
198.464999199
197.74409771
198.411750793
198.190565109
197.481951714
197.760481834
197.416415215
196.85116291
198.223333359
198.170084953
197.91613102
197.621216774
196.965851784
196.867547035
198.260197639
196.797914505
197.842402458
197.191133499
196.88393116
199.788017273
196.12616539
197.551584244
200.971770287
197.830114365
197.486047745
197.588448524
197.809634209
199.235053062
196.179413795
200.218100548
199.615983963
198.907370567
197.690849304
198.411750793
198.821353912
198.649320602
197.383646965
197.379550934
197.707233429
198.137316704
198.276581764
197.674465179
199.546351433
197.809634209
198.378982544
201.004538536
198.981099129
197.535200119
197.481951714
198.530535698
198.755817413
197.74409771
196.847066879
198.362598419
197.555680275
198.706665039
197.588448524
198.702569008
197.74409771
199.255533218
199.579119682
197.314014435
199.099884033
198.514151573
197.33039856
198.944234848
197.346782684
199.837169647
199.202284813
199.648752213
197.879266739
197.518815994
197.621216774
196.949467659
197.604832649
199.939570427
198.104548454
200.095219612
198.104548454
201.057786942
197.346782684
199.751152992
199.063019753
198.518247604
198.391270638
200.562167168
194.872779846
198.051300049
199.595503807
198.309350014
198.632936478
197.465567589
197.604832649
198.067684174
