a200
198.944234848
197.879266739
198.514151573
197.50243187
197.363166809
197.518815994
197.621216774
197.584352493
199.615983963
198.530535698
198.841834068
198.563303947
198.481383324
198.018531799
200.078835487
198.243813515
199.767537117
198.927850723
199.046635628
195.421648026
198.206949234
199.890418053
198.772201538
198.256101608
197.899746895
198.706665039
198.755817413
198.821353912
197.40003109
197.5720644
198.927850723
197.998051643
197.518815994
197.826018333
198.170084953
197.207517624
197.846498489
198.170084953
197.141981125
198.051300049
200.062451363
198.084068298
197.81373024
198.718953133
199.325165749
197.91613102
198.153700829
201.020922661
200.766968727
202.020354271
198.292965889
199.198188782
198.772201538
199.562735558
198.034915924
199.030251503
198.362598419
197.432799339
198.911466599
197.449183464
198.944234848
197.862882614
199.632368088
199.443950653
200.353269577
198.600168228
197.46966362
198.219237328
199.800305367
200.439286232
198.809065819
200.455670357
199.788017273
200.836601257
199.132652283
199.030251503
199.599599838
197.998051643
201.29535675
197.621216774
197.346782684
197.29763031
197.5720644
197.416415215
198.825449944
198.170084953
198.706665039
198.243813515
198.153700829
200.644087791
198.206949234
197.707233429
198.186469078
199.218668938
198.723049164
198.395366669
199.013867378
201.106939316
197.842402458
199.202284813
197.772769928
199.493103027
199.407086372
198.702569008
197.862882614
199.718384743
200.316405296
199.648752213
198.002147675
198.878698349
197.793250084
197.625312805
197.498335838
199.992818832
197.141981125
197.895650864
