a250
251.258745193
249.694061279
-1.0
248.38742733
249.128808975
249.366378784
249.759597778
249.280362129
248.649573326
250.156912804
248.83389473
248.268642426
253.609867096
249.128808975
249.714541435
248.887143135
253.421449661
251.258745193
252.147583961
251.275129318
249.07556057
248.940391541
250.124144554
251.426682472
251.651964188
249.829230309
250.640244484
249.177961349
249.747309685
250.603380203
253.814668655
251.168632507
252.544898987
248.97315979
249.726829529
253.405065536
248.924007416
244.713287354
251.135864258
250.759029388
248.407907486
249.161577225
249.710445404
249.128808975
249.898862839
249.76369381
248.854374886
249.177961349
249.780077934
249.694061279
250.709877014
248.301410675
250.693492889
251.324281693
250.279793739
248.678245544
249.1451931
249.07556057
248.73149395
249.984879494
249.796462059
250.161008835
248.612709045
251.119480133
250.038127899
249.984879494
249.90295887
250.623860359
248.73149395
248.87075901
249.194345474
248.850278854
252.974982262
248.952679634
249.694061279
248.80112648
248.62909317
251.807613373
249.624428749
251.324281693
248.649573326
249.161577225
249.640812874
249.5916605
249.366378784
248.579940796
242.837305069
248.612709045
250.500979424
251.844477654
252.544898987
249.382762909
251.807613373
248.73149395
250.382194519
249.440107346
249.41962719
249.624428749
252.323713303
248.235874176
253.147015572
249.968495369
248.83389473
249.21482563
248.73149395
248.97315979
249.743213654
249.575276375
249.694061279
251.430778503
250.554227829
250.140528679
248.797030449
250.263409615
248.87075901
250.140528679
251.549563408
248.936295509
248.129377365
249.349994659
249.382762909
252.065663338
250.603380203
248.80112648
252.098431587
248.83389473
249.04279232
249.571180344
250.791797638
248.645477295
249.177961349
249.677677155
250.623860359
250.689396858
249.038696289
251.361145973
248.73149395
250.984311104
248.338274956
249.935727119
249.198441505
251.737980843
249.76369381
251.311993599
249.73092556
250.021743774
251.398010254
251.844477654
251.033463478
249.436011314
251.602811813
249.468779564
249.182057381
249.21482563
251.377530098
249.624428749
248.989543915
250.021743774
250.533747673
247.666525841
248.166241646
251.512699127
248.854374886
249.300842285
250.570611954
249.11242485
249.00592804
249.554796219
250.226545334
252.893061638
252.491650581
248.989543915
250.845046043
251.033463478
250.812277794
248.866662979
249.1451931
248.73149395
248.199009895
247.236442566
249.452395439
248.969063759
251.910014153
248.80112648
249.038696289
250.791797638
249.726829529
250.398578644
252.786564827
248.510308266
249.984879494
249.210729599
252.888965607
249.108328819
251.119480133
248.80112648
250.242929459
248.956775665
251.565947533
248.6987257
251.070327759
248.97315979
250.705780983
251.377530098
250.742645264
249.90295887
248.87075901
249.091944695
249.575276375
253.200263977
248.764262199
250.189681053
249.198441505
248.231778145
249.141097069
250.382194519
250.226545334
251.033463478
249.382762909
249.55889225
248.678245544
249.468779564
253.867917061
249.141097069
246.585173607
251.791229248
252.323713303
251.770749092
248.90352726
250.500979424
253.282184601
248.66186142
249.280362129
249.80055809
246.896471977
250.140528679
251.688828468
249.694061279
250.586996078
248.682341576
248.047456741
249.059176445
251.103096008
250.193777084
250.845046043
250.586996078
250.464115143
249.366378784
248.678245544
249.796462059
249.24759388
252.270464897
248.90352726
251.139960289
250.619764328
248.510308266
248.645477295
255.641498566
250.517363548
248.403811455
248.592228889
248.97315979
249.31722641
248.887143135
250.365810394
250.877814293
249.280362129
248.83389473
248.219490051
249.296746254
249.096040726
248.52669239
248.90352726
248.919911385
248.678245544
249.41962719
252.131199837
248.682341576
251.910014153
251.103096008
249.349994659
249.66129303
250.173296928
249.968495369
251.479930878
236.656394005
248.182625771
248.3177948
251.033463478
249.452395439
249.04279232
250.812277794
249.182057381
248.715109825
249.31722641
250.759029388
249.677677155
248.129377365
250.640244484
250.759029388
249.28445816
250.210161209
248.66186142
249.38685894
248.952679634
248.080224991
250.607476234
248.199009895
248.850278854
250.705780983
248.510308266
249.370474815
248.063840866
249.096040726
248.026976585
250.550131798
248.956775665
247.908191681
247.994208336
248.715109825
250.398578644
250.124144554
248.682341576
248.6987257
247.854943275
249.849710464
249.554796219
249.04279232
250.554227829
249.608044624
250.603380203
248.596324921
250.107760429
251.549563408
248.682341576
251.152248383
248.940391541
251.512699127
248.66186142
252.684164047
250.640244484
249.21482563
248.837990761
248.338274956
248.612709045
248.936295509
251.586427689
252.028799057
249.472875595
249.403243065
251.017079353
251.705212593
249.04279232
250.517363548
249.415531158
250.34942627
249.796462059
249.349994659
251.914110184
249.00592804
250.570611954
249.31722641
250.791797638
249.1451931
249.882478714
250.656628609
249.333610535
248.87075901
249.866094589
248.780646324
248.817510605
249.141097069
251.119480133
248.989543915
250.226545334
248.682341576
250.124144554
249.31722641
250.673012733
248.612709045
249.968495369
249.280362129
251.840381622
247.842655182
249.436011314
249.882478714
251.033463478
248.182625771
250.759029388
250.828661919
248.940391541
250.742645264
249.542508125
249.059176445
251.930494308
249.554796219
248.73149395
249.866094589
250.505075455
248.268642426
248.715109825
249.07556057
252.082047462
250.689396858
250.779509544
249.436011314
250.107760429
250.898294449
249.673581123
249.452395439
249.194345474
249.624428749
250.894198418
250.242929459
249.177961349
249.436011314
249.1451931
248.850278854
249.83332634
249.268074036
249.587564468
249.726829529
251.840381622
249.522027969
249.5916605
248.768358231
250.382194519
248.38742733
250.361714363
252.340097427
249.161577225
249.984879494
249.1451931
248.24816227
249.022312164
249.059176445
249.624428749
248.301410675
249.76369381
251.324281693
250.001263618
250.361714363
248.80112648
249.677677155
248.80112648
252.237696648
250.226545334
249.608044624
248.506212234
249.210729599
249.80055809
249.644908905
248.38742733
248.66186142
248.38742733
248.817510605
250.828661919
248.940391541
251.860861778
251.959166527
249.00592804
249.931631088
250.34942627
249.935727119
249.300842285
252.221312523
250.259313583
252.528514862
249.952111244
250.001263618
251.516795158
249.657196999
249.194345474
250.382194519
250.431346893
250.468211174
251.324281693
252.389249802
251.565947533
250.759029388
249.48925972
249.161577225
251.963262558
251.135864258
248.87075901
250.603380203
249.747309685
249.849710464
249.296746254
249.00592804
249.849710464
249.505643845
251.172728539
250.451827049
248.97315979
252.217216492
249.00592804
248.645477295
248.768358231
254.158735275
248.817510605
248.440675735
250.759029388
250.226545334
249.5916605
249.657196999
248.510308266
248.747878075
249.059176445
249.263978004
248.321890831
248.596324921
249.300842285
248.956775665
251.307897568
94.7657775879
249.608044624
250.845046043
249.436011314
248.678245544
249.538412094
249.313130379
248.182625771
248.817510605
251.103096008
249.370474815
251.205496788
249.882478714
249.366378784
250.156912804
249.1451931
249.485163689
250.795893669
249.31722641
248.231778145
248.83389473
251.082615852
249.300842285
249.161577225
249.898862839
249.24759388
252.114815712
249.124712944
249.694061279
251.307897568
248.6987257
249.677677155
250.947446823
249.76369381
248.866662979
249.227113724
248.90352726
248.919911385
248.678245544
251.082615852
250.230641365
248.178529739
249.28445816
248.350563049
250.640244484
249.538412094
249.796462059
249.296746254
251.996030807
251.774845123
248.97315979
249.90295887
249.354090691
250.505075455
249.554796219
248.854374886
249.091944695
249.984879494
250.17739296
249.280362129
250.517363548
251.688828468
250.828661919
249.984879494
250.640244484
249.059176445
249.366378784
250.124144554
248.715109825
250.759029388
248.403811455
248.850278854
248.87075901
248.694629669
250.275697708
249.059176445
248.850278854
249.038696289
249.177961349
250.861430168
250.894198418
249.333610535
250.001263618
250.500979424
251.377530098
251.119480133
249.198441505
249.010024071
249.694061279
249.66129303
248.52669239
249.382762909
249.468779564
249.354090691
249.83332634
248.887143135
249.571180344
249.554796219
248.506212234
248.817510605
250.24702549
248.73149395
250.447731018
249.898862839
249.091944695
249.07556057
249.66129303
249.984879494
249.886574745
249.280362129
248.338274956
251.135864258
249.04279232
249.026408195
245.192523003
249.177961349
250.120048523
248.506212234
249.370474815
251.324281693
249.677677155
249.21482563
249.41962719
248.506212234
251.430778503
248.989543915
250.689396858
250.640244484
249.829230309
250.279793739
248.850278854
249.382762909
248.97315979
250.759029388
250.161008835
249.198441505
250.673012733
251.225976944
249.472875595
250.619764328
250.021743774
248.97315979
249.5916605
250.877814293
248.6987257
249.300842285
251.619195938
248.936295509
248.3177948
250.124144554
248.6987257
249.45649147
251.447162628
249.108328819
249.31722641
249.04279232
248.440675735
248.010592461
250.087280273
249.5916605
248.83389473
249.366378784
249.796462059
248.90352726
248.817510605
249.83332634
249.66129303
250.361714363
249.24759388
249.382762909
250.812277794
248.887143135
249.485163689
250.414962769
249.726829529
249.644908905
249.1451931
250.087280273
251.856765747
250.328946114
249.73092556
249.83332634
248.956775665
248.90352726
250.656628609
248.850278854
250.812277794
249.743213654
248.90352726
251.017079353
254.248847961
249.812846184
248.90352726
249.452395439
250.054512024
249.743213654
249.80055809
249.796462059
249.743213654
249.829230309
250.038127899
253.663115501
249.845614433
249.886574745
249.952111244
249.866094589
249.780077934
250.296177864
249.780077934
249.24759388
251.910014153
249.952111244
249.41962719
247.170906067
248.989543915
249.710445404
249.296746254
248.837990761
252.598147392
248.90352726
250.124144554
249.485163689
249.915246964
249.38685894
249.882478714
249.866094589
249.657196999
252.405633926
248.940391541
248.715109825
249.472875595
249.919342995
249.300842285
252.131199837
249.849710464
249.710445404
251.361145973
249.333610535
250.673012733
251.340665817
250.603380203
250.447731018
251.258745193
250.517363548
250.021743774
248.887143135
249.48925972
250.726261139
249.677677155
248.87075901
249.673581123
248.854374886
251.721596718
249.624428749
248.403811455
250.296177864
251.447162628
249.07556057
251.344761848
249.575276375
248.854374886
248.83389473
255.27695179
250.898294449
249.436011314
249.83332634
250.722165108
249.210729599
252.151679993
249.07556057
249.608044624
249.161577225
250.17739296
250.156912804
250.861430168
250.279793739
248.989543915
249.161577225
249.1451931
249.538412094
249.83332634
249.640812874
248.87075901
248.350563049
249.849710464
249.280362129
251.275129318
248.715109825
251.447162628
250.951542854
250.328946114
248.6987257
250.451827049
250.091376305
251.238265038
248.73149395
249.5916605
250.656628609
248.608613014
248.694629669
249.07556057
249.968495369
248.592228889
249.436011314
249.399147034
249.1451931
250.296177864
248.850278854
250.210161209
248.252258301
248.866662979
248.780646324
251.447162628
249.415531158
249.31722641
248.87075901
250.517363548
253.265800476
248.645477295
251.926398277
250.140528679
250.967926979
250.742645264
252.131199837
248.747878075
248.3177948
249.333610535
249.968495369
248.764262199
252.221312523
248.817510605
252.102527618
250.345330238
248.543076515
248.784742355
250.586996078
251.082615852
252.565379143
252.647299767
248.62909317
248.493924141
252.700548172
248.768358231
252.426114082
249.640812874
249.571180344
249.31722641
249.108328819
253.147015572
249.866094589
251.430778503
252.893061638
249.538412094
248.612709045
252.340097427
251.037559509
249.452395439
249.31722641
249.710445404
251.242361069
251.996030807
248.73149395
250.947446823
250.189681053
249.403243065
251.103096008
250.345330238
250.226545334
249.485163689
249.382762909
250.00535965
249.366378784
251.053943634
248.919911385
249.21482563
252.528514862
249.812846184
249.526124001
248.83389473
249.382762909
249.538412094
249.988975525
249.07556057
250.193777084
248.83389473
249.796462059
249.984879494
250.34942627
249.83332634
248.665957451
249.128808975
249.452395439
245.761871338
249.11242485
249.468779564
250.931062698
253.372297287
250.021743774
248.90352726
248.83389473
248.87075901
250.001263618
248.989543915
249.66129303
250.636148453
252.786564827
249.522027969
248.956775665
250.947446823
248.129377365
249.919342995
249.48925972
248.969063759
249.73092556
252.254080772
252.237696648
248.48982811
252.012414932
250.791797638
250.054512024
249.333610535
249.059176445
251.189112663
250.431346893
250.619764328
250.570611954
249.00592804
250.640244484
250.120048523
249.882478714
249.608044624
249.24759388
250.931062698
248.90352726
250.054512024
251.000695229
249.849710464
251.926398277
250.398578644
238.475031853
251.873149872
250.17739296
249.38685894
249.505643845
249.280362129
251.340665817
249.415531158
249.608044624
249.07556057
249.41962719
249.657196999
249.5916605
249.00592804
249.436011314
250.124144554
251.135864258
249.128808975
251.602811813
249.710445404
248.90352726
252.012414932
251.844477654
247.166810036
249.866094589
252.372865677
249.038696289
252.716932297
252.819333076
248.956775665
250.537843704
248.940391541
251.930494308
249.472875595
249.41962719
249.436011314
250.193777084
250.623860359
252.340097427
250.623860359
250.259313583
251.791229248
249.915246964
250.24702549
250.722165108
249.403243065
247.650141716
252.147583961
251.479930878
249.403243065
251.086711884
248.90352726
250.947446823
248.747878075
249.538412094
251.414394379
251.823997498
250.554227829
249.1451931
248.90352726
248.73149395
251.877245903
252.852101326
251.791229248
248.665957451
253.491082191
248.440675735
249.354090691
249.542508125
252.512130737
249.280362129
249.04279232
250.881910324
249.829230309
250.980215073
249.866094589
248.887143135
249.263978004
251.877245903
249.952111244
252.716932297
249.522027969
249.5916605
248.403811455
250.656628609
249.24759388
248.90352726
250.500979424
252.184448242
251.340665817
248.90352726
249.522027969
250.808181763
249.726829529
250.00535965
250.500979424
252.614531517
249.73092556
248.473443985
248.83389473
250.140528679
249.452395439
249.04279232
251.996030807
248.780646324
249.608044624
250.845046043
248.784742355
249.66129303
246.978392601
250.226545334
250.021743774
250.365810394
249.010024071
249.436011314
251.651964188
250.689396858
249.24759388
249.48925972
248.3177948
245.487437248
250.963830948
249.349994659
250.021743774
248.612709045
248.87075901
249.403243065
250.517363548
249.28445816
250.382194519
248.268642426
248.73149395
249.280362129
249.263978004
248.887143135
251.254649162
248.407907486
248.907623291
250.070896149
249.026408195
248.73149395
248.6987257
249.845614433
248.969063759
248.821606636
248.6987257
248.52669239
249.710445404
251.910014153
249.501547813
249.210729599
249.059176445
248.129377365
250.795893669
248.854374886
248.90352726
248.149857521
249.41962719
249.988975525
253.044614792
249.161577225
249.07556057
249.76369381
250.038127899
248.83389473
248.87075901
253.712267876
250.398578644
251.049847603
249.349994659
252.581763268
251.721596718
249.55889225
249.710445404
251.668348312
251.582331657
249.296746254
248.817510605
249.522027969
249.866094589
249.571180344
249.522027969
250.537843704
249.24759388
252.942214012
248.73149395
249.714541435
248.936295509
249.268074036
249.726829529
251.979646683
249.1451931
249.76369381
249.268074036
249.45649147
249.07556057
250.640244484
250.087280273
249.24759388
249.00592804
249.280362129
249.882478714
249.542508125
251.635580063
248.80112648
249.091944695
249.296746254
250.103664398
250.947446823
253.081479073
249.436011314
249.83332634
249.48925972
249.059176445
249.866094589
249.62852478
248.883047104
251.328377724
250.537843704
252.635011673
251.549563408
-1.0
251.410298347
251.791229248
248.956775665
249.00592804
249.21482563
249.468779564
248.969063759
249.83332634
249.968495369
250.586996078
248.747878075
250.038127899
249.812846184
248.817510605
249.747309685
249.07556057
250.742645264
249.845614433
249.849710464
249.542508125
248.87075901
250.533747673
250.070896149
249.177961349
249.349994659
249.436011314
248.612709045
249.657196999
249.382762909
248.80112648
252.151679993
248.936295509
251.086711884
250.791797638
249.80055809
248.97315979
249.882478714
249.644908905
249.694061279
252.233600616
252.045183182
249.194345474
250.673012733
249.608044624
249.198441505
248.338274956
249.436011314
249.968495369
248.989543915
248.80112648
251.619195938
245.499725342
246.462292671
248.850278854
249.21482563
250.861430168
250.054512024
249.38685894
252.802948952
249.882478714
250.054512024
249.538412094
249.296746254
249.657196999
249.575276375
250.726261139
249.866094589
249.07556057
249.472875595
249.198441505
249.108328819
252.032895088
251.512699127
249.382762909
249.177961349
253.147015572
248.678245544
250.759029388
250.537843704
249.554796219
251.910014153
249.624428749
256.497569084
252.012414932
251.328377724
249.538412094
249.538412094
251.615099907
252.905349731
249.472875595
248.887143135
246.208338737
249.76369381
249.919342995
249.231209755
248.850278854
248.956775665
248.612709045
250.845046043
249.21482563
248.665957451
252.770180702
251.889533997
249.177961349
251.582331657
248.83389473
249.673581123
251.152248383
250.722165108
249.21482563
250.312561989
249.952111244
251.582331657
246.429524422
250.242929459
250.619764328
249.624428749
251.533179283
250.124144554
249.988975525
249.128808975
248.682341576
249.66129303
253.265800476
250.382194519
250.775413513
250.328946114
250.603380203
250.070896149
249.21482563
250.07499218
249.349994659
248.989543915
251.774845123
250.017647743
249.747309685
248.6987257
248.837990761
250.193777084
248.784742355
248.6987257
248.45705986
250.451827049
249.177961349
249.1451931
250.812277794
248.645477295
251.426682472
248.989543915
250.312561989
248.62909317
249.091944695
249.31722641
249.608044624
248.747878075
251.258745193
250.586996078
251.328377724
249.76369381
249.452395439
249.41962719
250.947446823
248.66186142
248.678245544
248.678245544
249.554796219
248.784742355
250.537843704
250.76312542
249.04279232
249.263978004
249.436011314
249.505643845
249.194345474
249.55889225
249.640812874
252.114815712
250.554227829
249.931631088
249.677677155
249.177961349
250.242929459
249.059176445
249.624428749
249.608044624
251.017079353
251.119480133
250.210161209
251.000695229
250.091376305
248.52669239
253.097863197
251.258745193
249.898862839
252.716932297
248.182625771
250.103664398
