a250
250.140528679
248.784742355
248.55946064
248.473443985
249.640812874
249.640812874
248.645477295
248.854374886
251.447162628
249.161577225
251.271033287
252.049279213
249.83332634
251.172728539
249.296746254
250.193777084
248.665957451
247.822175026
249.11242485
250.242929459
249.935727119
249.452395439
248.993639946
251.430778503
252.114815712
248.129377365
249.333610535
250.226545334
250.521459579
249.300842285
248.83389473
249.349994659
248.90352726
248.715109825
251.619195938
249.096040726
249.886574745
250.791797638
250.001263618
249.28445816
249.882478714
248.768358231
250.296177864
249.886574745
248.97315979
251.291513443
250.021743774
251.565947533
250.414962769
249.538412094
249.710445404
250.673012733
251.910014153
248.940391541
248.715109825
248.55946064
249.022312164
248.3177948
249.194345474
248.83389473
249.28445816
248.493924141
248.354659081
250.640244484
249.505643845
250.795893669
248.883047104
247.273306847
248.90352726
248.919911385
249.673581123
252.012414932
249.333610535
250.161008835
249.952111244
248.543076515
249.059176445
249.747309685
249.366378784
249.931631088
252.835717201
248.543076515
248.436579704
249.726829529
254.969749451
249.28445816
249.399147034
248.096609116
251.668348312
250.365810394
249.194345474
249.710445404
248.252258301
249.587564468
250.021743774
249.31722641
249.816942215
249.059176445
