a250
249.333610535
252.270464897
249.66129303
250.517363548
249.710445404
248.493924141
249.472875595
251.017079353
248.887143135
250.226545334
250.812277794
249.366378784
249.747309685
248.403811455
248.45705986
250.914678574
249.091944695
249.161577225
248.817510605
250.517363548
249.370474815
250.709877014
249.677677155
249.886574745
249.07556057
251.701116562
250.431346893
249.128808975
249.24759388
248.817510605
249.677677155
249.743213654
249.141097069
249.00592804
250.328946114
249.022312164
249.366378784
249.349994659
250.259313583
249.399147034
249.026408195
249.968495369
251.770749092
249.28445816
250.586996078
250.480499268
249.04279232
248.768358231
247.736158371
249.472875595
250.414962769
242.56696701
251.340665817
250.24702549
250.242929459
254.298000336
251.221880913
-1.0
249.07556057
249.644908905
251.258745193
251.688828468
249.1451931
250.259313583
251.324281693
250.107760429
248.424291611
249.128808975
248.52669239
252.184448242
249.059176445
248.764262199
250.963830948
245.585741997
248.817510605
249.177961349
250.070896149
251.049847603
250.173296928
248.73149395
248.678245544
249.091944695
248.182625771
247.90409565
251.225976944
248.62909317
247.97372818
247.564125061
247.187290192
248.45705986
247.924575806
251.017079353
248.096609116
249.403243065
248.80112648
248.28502655
247.719774246
247.994208336
249.45649147
248.080224991
248.182625771
248.579940796
249.522027969
248.407907486
248.90352726
251.066231728
249.04279232
248.371043205
250.24702549
247.957344055
250.640244484
249.091944695
248.3177948
251.254649162
248.665957451
