a300
298.092765808
299.96055603
301.492471695
299.911403656
-1.0
299.550952911
297.867484093
297.830619812
299.686121941
297.007317543
298.072285652
298.260703087
-1.0
299.976940155
300.218605995
300.394735336
298.330335617
300.099821091
298.264799118
-1.0
299.206886292
299.342055321
298.985700607
299.276518822
297.572569847
297.748699188
298.313951492
298.625249863
299.002084732
298.588385582
299.772138596
298.621153831
299.600105286
-1.0
297.351384163
298.297567368
-1.0
298.621153831
298.109149933
299.325671196
299.174118042
297.748699188
300.185837746
298.432736397
301.426935196
298.019037247
298.608865738
297.248983383
300.13258934
298.899683952
298.653922081
302.09458828
299.534568787
298.244318962
297.851099968
299.497704506
299.636969566
295.872716904
298.399968147
301.046004295
298.092765808
298.723554611
298.436832428
301.50885582
298.195166588
297.007317543
298.711266518
299.776234627
297.847003937
296.855764389
297.937116623
298.264799118
296.868052483
-1.0
300.308718681
298.985700607
297.556185722
298.383584023
298.277087212
298.055901527
297.195734978
-1.0
298.711266518
298.363103867
301.85292244
299.600105286
300.595440865
299.325671196
299.78852272
300.632305145
297.421016693
299.911403656
298.551521301
-1.0
298.465504646
299.534568787
299.378919601
298.244318962
297.404632568
298.195166588
298.006749153
297.470169067
299.620585442
299.223270416
298.830051422
299.481320381
300.03018856
298.572001457
299.018468857
-1.0
299.292902946
