a300
299.927787781
300.78795433
299.088101387
298.088669777
299.690217972
299.686121941
300.443887711
298.723554611
298.330335617
298.346719742
303.655176163
298.469600677
297.953500748
298.539233208
297.384152412
297.539801598
297.109718323
297.318615913
299.034852982
297.986268997
298.485984802
298.481888771
297.937116623
298.313951492
300.099821091
298.264799118
300.222702026
-1.0
300.271854401
298.932452202
298.588385582
297.609434128
298.985700607
299.739370346
299.981036186
303.552775383
299.206886292
298.916068077
299.206886292
298.019037247
297.679066658
298.383584023
297.335000038
298.830051422
300.099821091
298.379487991
298.297567368
-1.0
299.362535477
299.378919601
299.600105286
298.760418892
299.792618752
298.985700607
302.4386549
301.250805855
301.029620171
300.513520241
298.191070557
-1.0
299.034852982
299.534568787
299.157733917
297.916636467
298.055901527
298.813667297
300.734705925
299.501800537
298.797283173
300.906739235
298.072285652
298.227934837
297.195734978
297.781467438
298.522849083
297.867484093
299.088101387
298.072285652
299.636969566
298.895587921
301.115636826
302.176508904
297.937116623
297.093334198
299.243750572
298.711266518
299.927787781
298.572001457
297.400536537
297.916636467
298.981604576
298.588385582
299.4444561
299.944171906
299.448552132
300.857586861
298.330335617
