a300
299.399399757
300.185837746
300.185837746
298.211550713
297.007317543
300.82072258
297.130198479
298.551521301
298.604769707
299.104485512
299.530472755
299.550952911
299.395303726
299.944171906
299.190502167
300.7183218
300.321006775
298.453216553
297.609434128
298.588385582
301.013236046
298.055901527
299.034852982
299.673833847
298.264799118
298.797283173
299.673833847
298.076381683
298.055901527
297.502937317
298.109149933
299.673833847
298.178782463
299.362535477
297.523417473
297.646298409
298.023133278
298.793187141
297.986268997
298.076381683
297.576665878
298.658018112
299.276518822
301.320438385
298.485984802
300.64868927
300.54628849
298.367199898
297.539801598
298.109149933
298.813667297
300.185837746
300.13258934
297.588953972
298.469600677
299.313383102
297.920732498
299.530472755
298.227934837
298.727650642
297.986268997
297.400536537
297.777371407
297.658586502
299.976940155
299.206886292
298.744034767
298.195166588
299.272422791
298.453216553
212.805204391
299.153637886
297.646298409
297.490649223
298.023133278
298.350815773
298.330335617
297.949404716
298.932452202
298.141918182
299.669737816
297.953500748
-1.0
292.747445107
297.593050003
298.694882393
299.362535477
299.018468857
297.797851562
298.293471336
297.302231789
299.002084732
297.556185722
298.674402237
298.555617332
299.759850502
300.669169426
299.415783882
298.969316483
298.846435547
299.378919601
297.265367508
298.420448303
299.309287071
297.400536537
300.271854401
301.75052166
297.335000038
298.567905426
298.076381683
298.760418892
297.658586502
298.502368927
298.227934837
296.765651703
300.185837746
298.539233208
297.507033348
298.367199898
297.765083313
296.523985863
297.556185722
297.969884872
299.276518822
299.653353691
303.364357948
297.560281754
297.953500748
298.432736397
297.916636467
299.825387001
299.997420311
299.411687851
296.646866798
296.818900108
300.78795433
299.104485512
301.664505005
299.051237106
301.283574104
299.190502167
301.148405075
299.772138596
297.609434128
297.330904007
297.470169067
297.695450783
298.055901527
296.970453262
299.174118042
299.895019531
297.523417473
299.600105286
299.78852272
298.125534058
297.384152412
298.227934837
297.576665878
302.434558868
298.911972046
300.804338455
296.786131859
300.513520241
298.883299828
297.539801598
297.367768288
299.550952911
300.251374245
299.550952911
298.416352272
297.883868217
296.921300888
299.620585442
297.847003937
297.560281754
298.690786362
297.302231789
303.073539734
299.530472755
299.878635406
297.384152412
297.814235687
299.186406136
297.662682533
297.216215134
297.973980904
298.211550713
298.039517403
298.567905426
298.965220451
298.502368927
303.069443703
297.920732498
298.072285652
298.191070557
300.68145752
273.623075485
297.560281754
299.227366447
299.395303726
299.174118042
299.550952911
298.572001457
297.933020592
298.948836327
297.953500748
300.271854401
298.281183243
300.427503586
300.837106705
302.02495575
243.078970909
300.857586861
298.465504646
299.739370346
298.297567368
301.938939095
298.522849083
298.604769707
297.437400818
298.346719742
297.285847664
296.839380264
297.502937317
299.497704506
297.060565948
298.195166588
298.879203796
297.818331718
297.216215134
296.614098549
299.239654541
298.621153831
298.551521301
299.706602097
297.232599258
298.916068077
295.975117683
299.530472755
297.265367508
298.141918182
297.986268997
298.674402237
298.436832428
299.411687851
298.879203796
297.523417473
303.126788139
301.869306564
302.676224709
303.503623009
300.411119461
299.636969566
300.665073395
301.320438385
298.125534058
299.395303726
296.663250923
298.465504646
299.206886292
298.830051422
297.523417473
301.488375664
298.141918182
297.642202377
298.727650642
299.002084732
301.455607414
306.645278931
297.867484093
298.191070557
296.339664459
298.227934837
299.809002876
299.051237106
300.460271835
299.088101387
299.256038666
299.395303726
299.636969566
299.411687851
298.674402237
297.040085793
297.007317543
299.518184662
298.588385582
299.653353691
298.158302307
297.146582603
298.297567368
299.927787781
297.040085793
298.674402237
300.443887711
301.213941574
299.809002876
299.014372826
298.125534058
299.845867157
299.776234627
299.329767227
298.502368927
302.745857239
297.900252342
-1.0
298.346719742
305.273108482
301.57848835
-1.0
298.277087212
298.367199898
298.281183243
297.523417473
296.696019173
296.921300888
296.528081894
298.535137177
301.734137535
300.771570206
297.953500748
297.834715843
298.313951492
296.970453262
298.572001457
298.465504646
299.669737816
298.813667297
298.862819672
-1.0
298.793187141
-1.0
297.490649223
299.260134697
297.507033348
297.162966728
296.614098549
297.556185722
296.990933418
297.179350853
297.662682533
297.404632568
300.493040085
299.223270416
300.099821091
298.383584023
297.781467438
296.818900108
298.776803017
297.625818253
298.281183243
300.185837746
298.293471336
297.351384163
299.170022011
298.916068077
298.105053902
299.911403656
297.916636467
298.297567368
298.793187141
297.232599258
301.37368679
299.587817192
297.744603157
300.734705925
299.378919601
298.039517403
297.437400818
297.195734978
299.395303726
301.009140015
299.464936256
301.250805855
298.191070557
297.765083313
298.416352272
296.319184303
297.146582603
299.223270416
298.416352272
298.760418892
-1.0
297.662682533
300.480751991
297.486553192
297.474265099
298.399968147
297.593050003
299.428071976
299.583721161
264.828896523
298.227934837
297.335000038
299.825387001
298.125534058
-1.0
-1.0
298.760418892
299.550952911
297.281751633
296.990933418
297.523417473
298.879203796
297.969884872
299.845867157
296.888532639
296.630482674
298.723554611
297.335000038
299.325671196
298.883299828
299.78852272
298.178782463
299.481320381
302.455039024
303.245573044
298.916068077
297.146582603
299.084005356
300.857586861
298.125534058
-1.0
301.025524139
297.830619812
300.13258934
298.313951492
297.986268997
298.174686432
298.846435547
298.932452202
301.47608757
299.534568787
298.485984802
301.734137535
298.277087212
297.953500748
300.411119461
299.620585442
298.723554611
298.293471336
298.707170486
298.813667297
299.227366447
298.006749153
298.125534058
301.283574104
300.873970985
301.832442284
297.609434128
299.358439445
298.948836327
298.485984802
301.40645504
298.539233208
299.362535477
298.658018112
298.174686432
298.916068077
300.20222187
298.846435547
301.369590759
301.541624069
298.006749153
299.464936256
297.679066658
297.744603157
296.405200958
301.82015419
296.405200958
299.243750572
297.265367508
-1.0
297.883868217
298.330335617
298.948836327
298.948836327
300.394735336
299.018468857
297.801947594
298.141918182
299.911403656
297.830619812
299.841771126
302.02495575
298.191070557
298.158302307
297.883868217
297.937116623
299.137253761
299.256038666
298.334431648
298.674402237
297.937116623
298.191070557
299.702506065
299.501800537
299.481320381
298.350815773
298.760418892
300.841202736
297.367768288
300.153069496
299.415783882
298.707170486
302.524671555
297.814235687
298.674402237
298.055901527
298.313951492
300.873970985
298.658018112
298.813667297
299.96055603
297.437400818
299.223270416
298.293471336
302.110972404
297.576665878
299.981036186
299.61648941
297.367768288
298.621153831
298.932452202
298.072285652
299.395303726
300.13258934
298.469600677
298.092765808
301.046004295
300.288238525
300.857586861
298.121438026
299.378919601
297.453784943
297.302231789
298.502368927
297.056469917
298.264799118
297.109718323
300.292334557
296.200399399
300.54628849
299.636969566
299.292902946
297.695450783
299.604201317
299.706602097
297.216215134
297.674970627
298.522849083
298.485984802
302.33625412
298.723554611
299.911403656
297.658586502
298.006749153
-1.0
-1.0
295.237832069
298.055901527
299.481320381
299.067621231
-1.0
298.088669777
297.933020592
299.051237106
299.362535477
300.222702026
300.976371765
299.120869637
302.61068821
297.281751633
297.113814354
299.309287071
298.006749153
303.208708763
298.830051422
298.588385582
298.039517403
298.432736397
297.797851562
297.900252342
300.37425518
298.055901527
300.30462265
299.464936256
298.658018112
297.486553192
298.485984802
298.088669777
301.594872475
296.872148514
299.411687851
299.256038666
297.883868217
292.714676857
300.050668716
298.502368927
299.862251282
298.023133278
300.251374245
299.702506065
298.846435547
299.051237106
299.325671196
297.883868217
301.299958229
300.423407555
301.85292244
298.141918182
298.588385582
297.695450783
298.813667297
299.174118042
300.47665596
297.662682533
297.162966728
297.576665878
298.141918182
297.916636467
297.953500748
298.469600677
299.174118042
298.416352272
301.697273254
298.105053902
299.276518822
87.5321865082
297.679066658
298.244318962
297.507033348
298.244318962
298.690786362
296.851668358
298.039517403
297.507033348
299.481320381
297.060565948
300.804338455
299.481320381
298.379487991
297.801947594
299.034852982
299.362535477
297.765083313
297.797851562
297.867484093
296.593618393
298.674402237
298.416352272
297.421016693
297.142486572
301.181173325
297.576665878
297.867484093
296.667346954
297.797851562
298.690786362
297.474265099
297.851099968
300.357871056
299.120869637
301.1647892
300.734705925
298.174686432
300.513520241
297.711834908
298.055901527
299.292902946
297.539801598
299.874539375
297.818331718
299.927787781
298.432736397
297.298135757
298.981604576
297.060565948
297.986268997
298.330335617
296.23726368
298.141918182
296.716499329
298.453216553
298.264799118
297.212119102
299.034852982
298.535137177
298.088669777
297.715930939
296.319184303
295.856332779
300.701937675
296.884436607
299.428071976
297.179350853
295.835852623
298.039517403
296.270031929
297.711834908
297.593050003
298.055901527
296.253647804
296.679635048
304.924945831
295.823564529
297.040085793
297.847003937
299.329767227
301.422839165
297.232599258
297.937116623
298.039517403
297.212119102
296.851668358
297.007317543
298.260703087
298.776803017
298.313951492
299.878635406
300.701937675
300.841202736
299.809002876
298.072285652
299.534568787
-1.0
300.873970985
298.281183243
299.706602097
297.474265099
299.084005356
296.610002518
297.335000038
296.491217613
297.044181824
297.281751633
296.646866798
296.323280334
297.437400818
299.276518822
298.088669777
296.220879555
296.851668358
297.351384163
303.864073753
299.96055603
298.125534058
-1.0
300.873970985
299.292902946
-1.0
297.314519882
297.421016693
299.362535477
299.329767227
297.953500748
297.830619812
296.749267578
297.490649223
299.686121941
301.127924919
299.157733917
299.190502167
298.178782463
298.621153831
297.556185722
297.421016693
298.264799118
298.793187141
302.283005714
297.814235687
299.620585442
298.244318962
300.136685371
-1.0
299.600105286
299.018468857
301.82015419
300.218605995
297.830619812
298.281183243
298.346719742
299.342055321
300.099821091
298.379487991
299.411687851
297.281751633
296.683731079
298.227934837
298.469600677
297.453784943
298.363103867
297.212119102
298.916068077
298.227934837
300.271854401
296.802515984
298.727650642
297.109718323
299.825387001
299.362535477
297.470169067
298.588385582
297.437400818
298.449120522
296.990933418
297.023701668
296.712403297
296.409296989
300.460271835
297.904348373
298.072285652
298.416352272
297.232599258
297.023701668
297.195734978
296.937685013
296.904916763
296.253647804
298.481888771
297.093334198
300.411119461
297.212119102
296.872148514
298.965220451
299.002084732
295.872716904
297.371864319
299.329767227
296.884436607
296.818900108
297.007317543
295.876812935
297.195734978
298.019037247
302.283005714
-1.0
297.863388062
298.707170486
-1.0
297.834715843
301.47608757
297.060565948
297.814235687
296.851668358
297.400536537
297.076950073
299.71889019
297.883868217
296.458449364
296.474833488
298.416352272
-1.0
299.276518822
297.679066658
300.685553551
297.453784943
297.560281754
298.846435547
299.964652061
296.769747734
300.169453621
299.325671196
298.178782463
297.797851562
297.572569847
298.313951492
296.356048584
291.956911087
296.458449364
300.357871056
296.356048584
-1.0
298.416352272
301.06238842
300.239086151
303.606023788
298.567905426
297.384152412
297.367768288
301.148405075
297.248983383
298.092765808
299.583721161
298.637537956
299.137253761
298.158302307
296.683731079
296.663250923
298.694882393
301.197557449
298.539233208
300.255470276
305.973529816
-1.0
297.400536537
-1.0
298.879203796
300.06295681
297.351384163
298.330335617
296.683731079
299.673833847
300.423407555
296.544466019
296.560850143
298.797283173
-1.0
298.383584023
299.600105286
300.513520241
299.4444561
298.485984802
297.576665878
298.813667297
297.728219032
296.286416054
298.088669777
298.416352272
297.248983383
296.732883453
296.253647804
297.560281754
300.30462265
299.309287071
296.630482674
297.060565948
296.388816833
296.888532639
296.114382744
299.120869637
297.384152412
297.507033348
298.625249863
297.867484093
297.765083313
299.034852982
297.400536537
297.044181824
298.211550713
300.30462265
300.30462265
297.986268997
300.136685371
300.853490829
298.723554611
298.723554611
299.636969566
299.104485512
298.985700607
296.835284233
297.302231789
297.986268997
299.448552132
-1.0
299.702506065
297.388248444
296.802515984
297.507033348
297.027797699
298.260703087
296.872148514
298.055901527
298.481888771
299.104485512
297.388248444
-1.0
297.900252342
299.170022011
299.223270416
300.460271835
-1.0
298.244318962
297.629914284
297.883868217
297.883868217
297.244887352
298.518753052
298.674402237
-1.0
297.765083313
298.158302307
297.867484093
298.281183243
298.895587921
297.748699188
298.899683952
298.842339516
296.937685013
297.367768288
299.206886292
298.416352272
297.863388062
299.739370346
297.490649223
297.969884872
297.883868217
296.442065239
297.076950073
298.830051422
301.525239944
298.277087212
296.458449364
297.609434128
301.836538315
297.711834908
299.567337036
301.439223289
300.734705925
298.760418892
297.863388062
296.458449364
300.23499012
297.367768288
296.990933418
297.937116623
297.900252342
297.400536537
297.486553192
299.399399757
298.965220451
297.609434128
297.781467438
298.588385582
297.814235687
298.211550713
298.588385582
302.074108124
298.379487991
296.765651703
299.464936256
297.130198479
297.560281754
298.588385582
297.388248444
296.511697769
296.937685013
299.137253761
297.539801598
298.502368927
299.464936256
-1.0
297.162966728
300.050668716
297.265367508
297.593050003
297.490649223
294.672579765
297.847003937
299.706602097
298.178782463
295.89319706
297.539801598
297.572569847
296.663250923
297.502937317
297.543897629
296.941781044
299.755754471
300.497136116
295.807180405
297.851099968
300.03018856
298.346719742
298.297567368
297.642202377
-1.0
296.872148514
298.227934837
296.802515984
297.023701668
297.437400818
300.218605995
298.760418892
299.395303726
298.363103867
298.207454681
297.470169067
298.932452202
298.416352272
299.002084732
298.727650642
300.03018856
299.243750572
298.469600677
299.948267937
297.588953972
298.330335617
298.862819672
297.797851562
299.61648941
298.502368927
297.933020592
297.109718323
299.706602097
298.023133278
297.470169067
297.593050003
297.830619812
300.665073395
297.023701668
297.765083313
299.051237106
298.744034767
298.756322861
-1.0
299.243750572
305.494294167
298.830051422
297.437400818
298.158302307
299.104485512
298.588385582
299.448552132
298.653922081
299.088101387
302.348542213
297.556185722
300.255470276
300.443887711
298.105053902
303.053059578
302.745857239
297.232599258
297.183446884
299.518184662
300.771570206
299.706602097
298.432736397
298.039517403
301.525239944
-1.0
298.518753052
298.191070557
297.285847664
299.534568787
299.739370346
297.556185722
299.313383102
298.621153831
300.562672615
299.223270416
299.411687851
299.706602097
297.588953972
298.141918182
298.191070557
299.636969566
298.948836327
297.523417473
297.674970627
298.809571266
296.782035828
297.093334198
297.646298409
301.009140015
297.695450783
297.318615913
300.20222187
