a325
324.721064568
87.1021032333
323.000731468
323.930530548
324.274597168
323.926434517
324.188580513
324.753832817
323.000731468
323.189148903
323.381662369
324.016547203
324.651432037
325.646767616
-1.0
324.049315453
324.135332108
323.205533028
324.430246353
323.467679024
324.495782852
323.291549683
327.604670525
-1.0
326.400437355
326.764984131
84.9025344849
322.726297379
324.168100357
325.474734306
323.910050392
322.795929909
324.737448692
323.738017082
325.667247772
324.114851952
325.302700996
328.190402985
324.184484482
325.925297737
324.667816162
325.319085121
329.083337784
324.463014603
323.262877464
324.684200287
323.033499718
325.593519211
323.721632957
323.307933807
323.226013184
324.393382072
324.942250252
323.291549683
325.851569176
326.298036575
323.516831398
327.38348484
326.21201992
323.774881363
324.426150322
324.700584412
325.835185051
324.168100357
324.614567757
323.930530548
327.125434875
329.390540123
-1.0
324.581799507
323.688864708
324.430246353
324.135332108
324.135332108
323.582367897
324.356517792
325.888433456
324.340133667
323.877282143
326.79775238
327.227835655
325.093803406
255.776667595
324.716968536
323.189148903
-1.0
323.291549683
324.618663788
325.700016022
324.274597168
325.577135086
326.076850891
323.824033737
323.705248833
325.716400146
329.718222618
313.39553833
326.592950821
322.845082283
325.921201706
-1.0
324.925866127
323.172764778
325.544366837
323.721632957
-1.0
326.179251671
325.044651031
323.602848053
323.549599648
324.356517792
323.979682922
324.839849472
324.430246353
326.404533386
324.082083702
325.958065987
324.258213043
324.962730408
328.653254509
326.076850891
327.793087959
326.027698517
327.711167336
327.674303055
324.237732887
323.156380653
324.602279663
327.07218647
327.637438774
325.130667686
323.828129768
323.602848053
323.996067047
324.221348763
324.221348763
323.996067047
325.265836716
324.991402626
325.269932747
325.114283562
323.156380653
324.807081223
330.471892357
325.974450111
323.467679024
323.996067047
326.007218361
323.275165558
324.065699577
-1.0
323.344798088
324.307365417
325.527982712
325.958065987
325.372333527
324.270501137
323.877282143
324.045219421
327.965121269
326.318516731
324.958634377
327.89958477
329.767374992
324.598183632
324.135332108
323.430814743
323.533215523
323.807649612
325.097899437
324.770216942
324.151716232
328.067522049
324.823465347
324.872617722
326.216115952
326.404533386
324.237732887
324.667816162
324.221348763
325.237164497
324.135332108
324.409766197
325.216684341
325.200300217
323.393950462
326.232500076
323.983778954
324.893097878
325.990834236
324.082083702
324.991402626
326.986169815
323.619232178
322.967963219
324.290981293
324.286885262
326.678967476
325.167531967
324.651432037
323.926434517
323.807649612
325.372333527
318.396792412
-1.0
325.372333527
325.405101776
326.21201992
324.647336006
325.769648552
326.371765137
324.647336006
324.958634377
324.958634377
324.286885262
329.03418541
327.158203125
325.425581932
324.151716232
89.6457386017
-1.0
324.581799507
326.920633316
323.156380653
325.044651031
324.151716232
324.876713753
323.930530548
325.818800926
325.45425415
324.426150322
323.996067047
327.965121269
323.963298798
325.044651031
325.323181152
322.881946564
325.249452591
323.086748123
327.813568115
326.162867546
326.265268326
323.688864708
325.523886681
-1.0
328.669638634
324.716968536
324.753832817
326.609334946
326.744503975
325.319085121
-1.0
327.330236435
-1.0
325.732784271
323.107228279
325.372333527
-1.0
315.410785675
325.474734306
323.602848053
326.83052063
327.399868965
324.360613823
326.011314392
326.318516731
325.097899437
316.885356903
327.65791893
324.667816162
325.134763718
326.076850891
324.118947983
326.506934166
326.55608654
324.737448692
323.893666267
324.958634377
-1.0
325.286316872
-1.0
325.372333527
323.705248833
325.216684341
324.753832817
324.442534447
324.802985191
324.495782852
324.372901917
325.323181152
323.893666267
325.613999367
324.925866127
323.451294899
324.614567757
324.925866127
323.496351242
324.770216942
323.996067047
323.860898018
323.811745644
325.183916092
327.17458725
323.758497238
324.356517792
327.571902275
328.825287819
323.017115593
323.930530548
323.926434517
327.69068718
325.941681862
324.463014603
323.361182213
325.45425415
324.602279663
325.437870026
325.286316872
323.930530548
323.914146423
323.209629059
323.017115593
325.216684341
325.081515312
324.721064568
323.619232178
326.334900856
326.216115952
324.409766197
324.614567757
323.652000427
324.737448692
-1.0
324.188580513
324.086179733
323.484063148
325.028266907
325.114283562
323.688864708
324.942250252
328.427972794
326.45368576
325.646767616
324.528551102
324.716968536
324.770216942
327.21145153
327.121338844
323.979682922
327.743935585
325.990834236
324.602279663
325.269932747
326.060466766
324.721064568
326.060466766
328.34605217
326.781368256
324.839849472
323.156380653
324.819369316
324.753832817
325.716400146
324.237732887
323.516831398
326.474165916
324.839849472
325.200300217
323.963298798
324.086179733
326.056370735
322.66076088
328.600006104
325.061035156
324.549031258
325.339565277
324.184484482
324.807081223
325.011882782
326.916537285
322.402710915
323.705248833
323.877282143
322.537879944
323.893666267
324.409766197
323.377566338
324.839849472
323.877282143
324.409766197
327.535037994
323.430814743
324.786601067
324.168100357
324.856233597
325.441966057
324.565415382
327.571902275
324.204964638
324.286885262
325.167531967
323.484063148
323.758497238
323.688864708
326.539702415
326.232500076
323.652000427
-1.0
330.111441612
325.097899437
324.581799507
323.996067047
323.705248833
326.748600006
328.792519569
323.602848053
326.298036575
323.602848053
323.565983772
324.721064568
319.338879585
324.872617722
323.053979874
328.497605324
325.441966057
323.840417862
324.135332108
325.183916092
325.818800926
324.151716232
323.307933807
323.262877464
328.481221199
326.334900856
326.076850891
327.793087959
323.963298798
325.183916092
323.156380653
323.828129768
324.549031258
323.688864708
330.906071663
324.528551102
325.458350182
325.577135086
325.081515312
323.430814743
324.909482002
324.172196388
323.361182213
326.388149261
324.241828918
325.712304115
324.237732887
324.549031258
323.312029839
324.118947983
324.667816162
323.721632957
325.421485901
324.188580513
326.007218361
324.528551102
327.07218647
325.253548622
323.635616302
325.511598587
324.274597168
323.430814743
323.844513893
325.884337425
324.512166977
324.753832817
323.926434517
324.958634377
325.478830338
324.307365417
323.516831398
324.016547203
324.786601067
325.781936646
324.512166977
323.570079803
328.69011879
324.749736786
326.96978569
324.839849472
324.360613823
326.72811985
324.512166977
325.937585831
324.889001846
-1.0
324.544935226
326.023602486
325.028266907
323.877282143
324.581799507
323.983778954
324.667816162
326.572470665
326.027698517
323.979682922
324.102563858
325.405101776
324.958634377
324.618663788
325.904817581
323.705248833
324.409766197
-1.0
329.685454369
-1.0
323.672480583
325.130667686
325.769648552
324.016547203
325.233068466
324.962730408
-1.0
324.979114532
-1.0
324.802985191
324.995498657
324.581799507
325.613999367
324.872617722
325.286316872
324.442534447
324.442534447
325.253548622
324.065699577
326.179251671
324.237732887
325.265836716
-1.0
325.851569176
324.389286041
324.925866127
324.356517792
324.270501137
324.549031258
-1.0
324.819369316
-1.0
325.560750961
324.995498657
324.254117012
324.446630478
323.742113113
325.167531967
325.216684341
324.028835297
-1.0
324.549031258
323.791265488
323.721632957
323.688864708
327.965121269
323.635616302
324.925866127
327.330236435
323.910050392
324.770216942
329.443788528
325.151147842
325.339565277
323.721632957
326.748600006
323.549599648
323.291549683
324.516263008
-1.0
326.216115952
326.351284981
324.889001846
325.646767616
327.711167336
323.877282143
326.195635796
326.076850891
324.716968536
323.828129768
327.17458725
326.248884201
323.721632957
324.254117012
323.156380653
325.286316872
323.275165558
324.204964638
323.791265488
325.233068466
323.226013184
324.426150322
324.426150322
-1.0
325.253548622
324.372901917
326.576566696
325.732784271
324.647336006
324.651432037
326.007218361
326.21201992
325.339565277
324.360613823
328.530373573
326.126003265
327.023034096
323.893666267
326.523318291
323.721632957
326.642103195
325.388717651
326.83052063
324.770216942
323.619232178
-1.0
327.604670525
325.077419281
325.474734306
323.774881363
323.774881363
325.458350182
324.598183632
323.602848053
325.249452591
213.411417007
324.360613823
325.593519211
323.053979874
-1.0
325.097899437
327.006649971
326.076850891
325.093803406
323.463582993
322.984347343
324.028835297
327.776703835
324.463014603
328.894920349
324.237732887
325.425581932
329.890255928
323.963298798
323.344798088
323.602848053
317.589874268
328.792519569
325.183916092
326.96978569
328.17401886
324.495782852
325.286316872
-1.0
327.207355499
325.265836716
323.893666267
326.748600006
324.426150322
327.76031971
324.581799507
323.361182213
324.925866127
324.323749542
324.737448692
326.232500076
325.491118431
327.89958477
324.979114532
326.55608654
325.921201706
324.889001846
323.860898018
327.121338844
323.672480583
323.672480583
327.195067406
324.839849472
323.602848053
324.544935226
325.200300217
324.135332108
327.24421978
324.958634377
327.260603905
326.96978569
325.491118431
324.614567757
327.621054649
328.034753799
326.814136505
327.965121269
326.285748482
323.414430618
325.130667686
324.495782852
324.065699577
327.195067406
324.770216942
325.835185051
327.07218647
327.276988029
325.507502556
325.990834236
324.082083702
324.790697098
327.48588562
325.286316872
328.120770454
327.088570595
321.714577675
325.388717651
324.516263008
323.840417862
324.151716232
323.824033737
324.921770096
325.904817581
323.688864708
325.560750961
324.114851952
-1.0
325.028266907
324.204964638
332.810726166
323.774881363
324.086179733
326.560182571
327.567806244
325.491118431
325.527982712
329.079241753
325.269932747
326.109619141
325.855665207
328.018369675
326.781368256
324.962730408
325.065131187
323.705248833
323.705248833
324.581799507
324.561319351
324.446630478
324.274597168
324.958634377
326.506934166
325.028266907
324.721064568
324.684200287
327.31385231
328.10438633
324.479398727
325.630383492
324.323749542
324.667816162
323.565983772
326.72811985
327.264699936
326.023602486
324.549031258
329.238986969
325.28222084
324.032931328
326.14238739
325.544366837
324.200868607
325.818800926
323.193244934
324.446630478
327.93235302
325.495214462
327.195067406
325.372333527
324.000163078
324.393382072
324.114851952
324.430246353
323.549599648
323.377566338
326.093235016
324.479398727
324.700584412
324.409766197
324.016547203
328.44845295
328.948168755
325.388717651
324.753832817
326.302132607
323.828129768
325.405101776
323.291549683
324.307365417
323.414430618
324.704680443
323.774881363
326.21201992
324.942250252
325.233068466
324.065699577
324.667816162
324.807081223
324.102563858
324.598183632
324.155812263
324.684200287
326.65848732
326.367669106
323.275165558
324.065699577
326.576566696
326.572470665
324.393382072
324.700584412
324.495782852
-1.0
-1.0
323.983778954
323.463582993
325.527982712
324.495782852
323.688864708
327.264699936
325.249452591
325.769648552
325.646767616
324.028835297
323.705248833
325.458350182
326.55608654
327.625150681
325.388717651
329.513421059
324.786601067
326.056370735
324.909482002
325.544366837
330.971608162
324.286885262
324.475302696
324.635047913
324.770216942
325.409197807
326.38405323
-1.0
324.463014603
-1.0
326.199731827
-1.0
329.976272583
328.464837074
324.340133667
-1.0
321.62856102
325.818800926
324.684200287
327.5882864
324.975018501
324.856233597
325.044651031
324.286885262
324.340133667
326.179251671
325.523886681
324.168100357
323.533215523
324.770216942
326.678967476
323.770785332
324.823465347
325.97035408
323.926434517
328.378820419
322.984347343
324.651432037
323.877282143
325.577135086
325.786032677
324.684200287
325.286316872
326.744503975
325.355949402
323.307933807
319.322495461
323.156380653
324.802985191
323.824033737
324.270501137
323.996067047
324.549031258
326.711735725
326.351284981
325.044651031
324.958634377
324.667816162
322.967963219
324.032931328
323.205533028
322.931098938
325.921201706
323.856801987
324.839849472
324.082083702
324.237732887
325.990834236
322.640280724
323.705248833
323.893666267
324.221348763
329.513421059
323.652000427
325.200300217
324.151716232
323.811745644
324.049315453
-1.0
323.393950462
323.361182213
324.221348763
323.291549683
-1.0
322.918810844
323.979682922
325.818800926
325.872049332
326.695351601
-1.0
325.577135086
-1.0
325.62628746
324.770216942
323.828129768
323.496351242
323.811745644
323.258781433
325.491118431
327.948737144
323.156380653
324.118947983
-1.0
324.065699577
327.330236435
319.166846275
326.265268326
323.570079803
-1.0
324.856233597
324.651432037
323.979682922
-1.0
323.877282143
323.172764778
324.991402626
323.758497238
324.807081223
325.077419281
323.328413963
324.204964638
325.560750961
324.323749542
324.204964638
325.388717651
-1.0
325.872049332
326.609334946
325.130667686
324.463014603
323.774881363
324.635047913
323.258781433
-1.0
324.118947983
324.135332108
323.983778954
323.738017082
323.996067047
-1.0
323.344798088
325.134763718
324.651432037
323.291549683
323.516831398
323.963298798
326.351284981
324.737448692
324.737448692
-1.0
329.460172653
323.582367897
327.039418221
323.877282143
323.586463928
327.55551815
324.446630478
323.549599648
324.819369316
323.156380653
326.007218361
329.976272583
324.802985191
327.48588562
324.856233597
324.979114532
324.528551102
324.942250252
325.527982712
326.199731827
323.963298798
323.791265488
324.168100357
325.921201706
326.523318291
326.388149261
328.550853729
329.750990868
324.802985191
328.604102135
328.239555359
327.38348484
325.286316872
326.076850891
324.254117012
326.146483421
324.942250252
324.065699577
323.602848053
319.87136364
325.372333527
329.083337784
325.392813683
325.061035156
324.581799507
323.996067047
322.161045074
325.405101776
-1.0
324.221348763
