a325
325.097899437
324.618663788
331.024856567
329.374155998
322.709913254
-1.0
-1.0
324.581799507
324.184484482
323.533215523
326.302132607
323.942818642
324.463014603
323.688864708
326.48645401
324.565415382
323.926434517
324.872617722
323.258781433
325.683631897
323.414430618
329.341387749
323.635616302
324.463014603
323.189148903
325.130667686
323.721632957
323.139996529
323.963298798
-1.0
323.344798088
326.351284981
323.484063148
325.753264427
324.995498657
326.592950821
323.688864708
326.388149261
323.533215523
323.828129768
323.774881363
327.158203125
327.5882864
324.958634377
324.839849472
-1.0
316.250472069
323.139996529
322.828698158
323.361182213
324.942250252
322.812314034
324.098467827
326.044082642
323.582367897
322.898330688
323.307933807
327.637438774
323.328413963
322.554264069
323.172764778
325.941681862
324.889001846
324.909482002
324.102563858
-1.0
324.516263008
322.382230759
324.770216942
323.688864708
325.904817581
323.672480583
325.437870026
323.602848053
326.199731827
324.856233597
325.474734306
-1.0
323.377566338
324.151716232
322.742681503
322.709913254
323.996067047
325.474734306
323.688864708
323.688864708
324.000163078
325.044651031
323.688864708
323.324317932
328.4156847
-1.0
324.221348763
326.093235016
323.942818642
325.302700996
