a325
324.204964638
323.688864708
328.120770454
325.941681862
323.910050392
322.935194969
325.097899437
324.479398727
324.528551102
323.496351242
324.598183632
-1.0
324.942250252
326.023602486
322.951579094
325.421485901
324.204964638
326.506934166
-1.0
328.44845295
-1.0
325.937585831
323.139996529
325.061035156
326.48645401
325.62628746
325.560750961
324.086179733
323.139996529
-1.0
325.147051811
325.421485901
325.147051811
325.372333527
324.426150322
330.111441612
325.990834236
327.449021339
323.516831398
325.339565277
324.532647133
326.248884201
323.979682922
323.705248833
324.307365417
324.376997948
-1.0
325.286316872
-1.0
-1.0
325.560750961
-1.0
329.869775772
325.749168396
-1.0
324.049315453
323.979682922
327.93235302
323.516831398
324.516263008
325.409197807
324.909482002
325.732784271
323.344798088
324.565415382
326.302132607
324.786601067
325.577135086
324.614567757
326.044082642
323.635616302
325.061035156
325.79832077
319.375743866
326.96978569
325.667247772
323.500447273
-1.0
325.577135086
327.711167336
-1.0
-1.0
324.905385971
322.640280724
-1.0
323.963298798
323.123612404
325.200300217
-1.0
325.851569176
324.872617722
324.532647133
324.290981293
325.663151741
324.409766197
-1.0
324.065699577
-1.0
-1.0
326.056370735
324.614567757
325.425581932
-1.0
-1.0
325.372333527
324.172196388
325.216684341
