a350
-1.0
-1.0
348.994145393
-1.0
349.305443764
-1.0
352.311930656
-1.0
-1.0
-1.0
350.968432426
351.591029167
-1.0
349.973096848
349.919848442
350.866031647
-1.0
348.510813713
-1.0
353.872518539
350.214762688
-1.0
350.177898407
350.952048302
-1.0
-1.0
352.033400536
-1.0
-1.0
-1.0
347.687511444
-1.0
349.903464317
348.838496208
-1.0
350.231146812
348.424797058
349.010529518
349.698662758
-1.0
350.059113503
349.526629448
350.886511803
350.161514282
352.512636185
348.273243904
351.414899826
351.914615631
350.607981682
351.038064957
353.958535194
352.361083031
350.231146812
-1.0
-1.0
-1.0
352.549500465
-1.0
352.914047241
-1.0
349.616742134
354.372234344
349.649510384
350.419564247
-1.0
-1.0
350.763630867
350.644845963
349.284963608
349.579877853
350.059113503
350.042729378
-1.0
-1.0
351.98015213
350.370411873
350.726766586
347.929177284
-1.0
-1.0
-1.0
349.407844543
-1.0
349.403748512
-1.0
351.570549011
-1.0
350.386795998
350.005865097
351.402611732
349.956712723
