a350
351.984248161
-1.0
-1.0
-1.0
350.349931717
-1.0
351.214194298
-1.0
-1.0
-1.0
350.595693588
-1.0
-1.0
-1.0
349.784679413
351.472244263
-1.0
352.086648941
352.119417191
348.531293869
350.112361908
-1.0
350.919280052
350.042729378
353.442435265
-1.0
351.414899826
348.805727959
350.354027748
-1.0
-1.0
-1.0
350.026345253
351.505012512
-1.0
349.440612793
-1.0
-1.0
350.681710243
350.354027748
-1.0
350.526061058
349.354596138
-1.0
346.724944115
349.870696068
-1.0
351.87775135
349.612646103
348.322396278
352.205433846
-1.0
348.924512863
-1.0
-1.0
350.009961128
-1.0
348.822112083
-1.0
348.273243904
-1.0
352.483963966
-1.0
349.461092949
351.844983101
348.203611374
348.686943054
-1.0
351.623797417
349.989480972
351.021680832
352.672381401
-1.0
-1.0
351.038064957
351.144561768
-1.0
-1.0
350.538349152
-1.0
349.698662758
-1.0
350.661230087
-1.0
348.908128738
350.337643623
352.037496567
349.182562828
-1.0
348.424797058
349.063777924
354.097800255
350.919280052
351.193714142
350.591597557
352.22181797
350.489196777
349.198946953
350.022249222
-1.0
