a350
349.903464317
-1.0
350.575213432
-1.0
-1.0
-1.0
-1.0
350.284395218
351.574645042
353.720965385
347.826776505
350.763630867
-1.0
167.605500221
-1.0
-1.0
348.686943054
349.698662758
351.468148232
350.026345253
349.133410454
-1.0
351.246962547
348.957281113
351.332979202
351.812214851
349.182562828
349.510245323
349.919848442
353.188481331
349.284963608
348.944993019
-1.0
348.891744614
-1.0
349.096546173
348.187227249
349.252195358
349.817447662
348.699231148
-1.0
348.924512863
-1.0
-1.0
350.161514282
350.075497627
349.768295288
349.252195358
348.392028809
350.095977783
-1.0
210.023999214
352.97958374
347.896409035
347.945561409
348.928608894
350.456428528
353.97901535
350.251626968
350.059113503
350.300779343
348.273243904
348.805727959
350.505580902
351.435379982
-1.0
-1.0
348.240475655
349.456996918
348.273243904
347.929177284
348.617310524
352.721533775
-1.0
348.772959709
351.070833206
349.317731857
-1.0
-1.0
-1.0
347.896409035
350.333547592
348.564062119
351.005296707
347.761240005
348.961377144
348.514909744
-1.0
-1.0
-1.0
-1.0
351.087217331
347.617878914
349.850215912
-1.0
349.805159569
348.613214493
-1.0
348.306012154
351.349363327
353.15161705
349.047393799
348.789343834
348.015193939
348.084826469
352.053880692
349.407844543
349.768295288
350.231146812
350.403180122
350.042729378
349.215331078
351.124081612
347.621974945
349.407844543
347.761240005
350.607981682
-1.0
349.375076294
-1.0
-1.0
349.547109604
349.493861198
351.124081612
348.375644684
-1.0
-1.0
348.666462898
-1.0
-1.0
-1.0
348.138074875
352.311930656
349.047393799
348.703327179
351.984248161
347.892313004
350.698094368
350.231146812
347.671127319
349.186658859
349.272675514
-1.0
-1.0
353.102464676
349.305443764
348.461661339
352.828030586
349.784679413
348.445277214
-1.0
350.403180122
-1.0
348.064346313
348.547677994
351.935095787
350.784111023
-1.0
-1.0
350.456428528
-1.0
351.775350571
-1.0
351.001200676
347.617878914
349.526629448
352.15218544
349.440612793
-1.0
349.063777924
-1.0
-1.0
-1.0
-1.0
349.870696068
349.903464317
351.074929237
-1.0
-1.0
-1.0
349.252195358
349.854311943
-1.0
351.054449081
349.268579483
-1.0
-1.0
349.305443764
350.009961128
-1.0
-1.0
352.705149651
349.919848442
349.047393799
349.887080193
348.219995499
-1.0
-1.0
-1.0
350.149226189
349.289059639
348.670558929
349.682278633
350.333547592
-1.0
-1.0
351.709814072
351.296114922
349.751911163
350.833263397
352.46348381
350.349931717
344.250941277
349.268579483
-1.0
-1.0
350.456428528
-1.0
351.263346672
-1.0
-1.0
349.563493729
350.575213432
351.963768005
-1.0
349.956712723
351.038064957
350.440044403
-1.0
350.079593658
349.014625549
349.665894508
352.119417191
-1.0
349.579877853
349.833831787
352.758398056
348.961377144
352.053880692
349.493861198
352.15218544
349.870696068
349.575781822
351.505012512
-1.0
-1.0
348.961377144
-1.0
-1.0
-1.0
349.375076294
-1.0
-1.0
-1.0
350.661230087
347.515478134
-1.0
-1.0
-1.0
-1.0
350.456428528
-1.0
-1.0
-1.0
348.789343834
-1.0
348.838496208
350.558829308
-1.0
349.805159569
348.203611374
-1.0
190.203304291
-1.0
-1.0
-1.0
-1.0
348.461661339
349.063777924
-1.0
-1.0
-1.0
347.2615242
347.63835907
-1.0
347.654743195
350.042729378
350.059113503
349.661798477
-1.0
-1.0
-1.0
-1.0
351.382131577
348.133978844
351.058545113
347.720279694
348.666462898
347.945561409
348.666462898
348.412508965
347.347540855
351.005296707
-1.0
-1.0
347.794008255
347.12225914
348.682847023
348.924512863
348.412508965
-1.0
347.601494789
348.101210594
348.789343834
-1.0
349.645414352
347.724375725
350.231146812
348.756575584
-1.0
347.290196419
353.647236824
350.181994438
349.387364388
349.477477074
350.177898407
348.375644684
348.699231148
349.461092949
348.871264458
348.547677994
351.058545113
-1.0
349.665894508
348.240475655
352.156281471
347.94965744
-1.0
-1.0
-1.0
-1.0
349.678182602
349.698662758
348.015193939
349.579877853
348.359260559
-1.0
348.359260559
350.214762688
347.966041565
347.859544754
349.166178703
350.095977783
348.219995499
347.46632576
347.069010735
347.826776505
347.208275795
350.661230087
348.359260559
347.089490891
347.39669323
349.903464317
348.047962189
347.654743195
348.650078773
350.386795998
349.682278633
351.328883171
-1.0
350.542445183
347.912793159
349.354596138
-1.0
-1.0
-1.0
347.806296349
347.654743195
348.445277214
348.240475655
350.009961128
349.973096848
348.392028809
348.494429588
349.268579483
348.613214493
347.896409035
351.742582321
351.365747452
348.084826469
348.478045464
352.39385128
348.047962189
348.461661339
349.973096848
350.521965027
350.796399117
350.300779343
351.160945892
-1.0
351.861367226
-1.0
350.472812653
-1.0
-1.0
-1.0
350.112361908
-1.0
347.843160629
350.780014992
-1.0
-1.0
349.731431007
354.08141613
349.321827888
-1.0
-1.0
350.280299187
349.391460419
-1.0
-1.0
350.833263397
348.891744614
351.214194298
353.802886009
349.649510384
352.97958374
352.397947311
-1.0
350.575213432
348.445277214
348.101210594
-1.0
352.070264816
349.645414352
349.473381042
348.670558929
347.843160629
352.893567085
348.670558929
349.440612793
348.858976364
349.252195358
348.482141495
351.500916481
-1.0
351.263346672
349.198946953
349.043297768
351.570549011
352.000632286
350.005865097
351.758966446
350.644845963
-1.0
349.252195358
351.140465736
-1.0
-1.0
349.887080193
350.366315842
349.563493729
350.710382462
349.424228668
349.145698547
-1.0
-1.0
352.361083031
350.575213432
348.187227249
350.698094368
348.670558929
351.193714142
349.145698547
351.451764107
-1.0
349.235811234
-1.0
-1.0
-1.0
-1.0
349.338212013
349.833831787
349.629030228
348.944993019
-1.0
349.420132637
-1.0
350.571117401
349.817447662
349.735527039
352.307834625
353.340034485
-1.0
351.812214851
348.564062119
349.354596138
-1.0
348.805727959
349.817447662
349.338212013
348.150362968
349.444708824
-1.0
348.236379623
348.805727959
-1.0
348.854880333
-1.0
350.554733276
-1.0
-1.0
348.289628029
350.317163467
348.342876434
350.624365807
-1.0
-1.0
-1.0
-1.0
-1.0
350.231146812
-1.0
-1.0
-1.0
-1.0
349.026913643
349.145698547
349.563493729
353.307266235
-1.0
-1.0
-1.0
-1.0
350.612077713
349.923944473
349.203042984
348.650078773
-1.0
351.382131577
348.940896988
349.833831787
347.773528099
-1.0
349.354596138
351.091313362
-1.0
-1.0
349.784679413
348.719711304
350.300779343
-1.0
349.923944473
350.112361908
348.117594719
348.875360489
351.758966446
-1.0
349.854311943
349.456996918
-1.0
349.956712723
-1.0
