a375
-1.0
-1.0
374.541091919
-1.0
-1.0
-1.0
-1.0
-1.0
-1.0
-1.0
-1.0
-1.0
372.017936707
373.664541245
374.385442734
-1.0
-1.0
-1.0
-1.0
372.824854851
-1.0
-1.0
-1.0
-1.0
-1.0
-1.0
-1.0
376.277809143
373.47612381
376.691508293
-1.0
375.778093338
373.971743584
-1.0
-1.0
-1.0
-1.0
-1.0
374.074144363
373.594908714
-1.0
-1.0
-1.0
-1.0
-1.0
-1.0
-1.0
375.180072784
375.053095818
-1.0
-1.0
372.583189011
-1.0
-1.0
375.417642593
376.793909073
-1.0
373.750557899
377.670459747
-1.0
-1.0
-1.0
-1.0
-1.0
-1.0
-1.0
-1.0
-1.0
373.594908714
-1.0
-1.0
-1.0
-1.0
-1.0
-1.0
-1.0
-1.0
-1.0
-1.0
-1.0
-1.0
373.324570656
-1.0
-1.0
373.525276184
374.438691139
-1.0
375.970606804
-1.0
-1.0
272.197656631
376.073007584
375.315241814
374.266657829
372.99279213
-1.0
-1.0
376.019759178
-1.0
-1.0
373.99222374
-1.0
373.57852459
-1.0
-1.0
-1.0
-1.0
-1.0
-1.0
-1.0
-1.0
-1.0
-1.0
-1.0
-1.0
375.454506874
373.803806305
-1.0
374.491939545
-1.0
-1.0
375.348010063
-1.0
-1.0
-1.0
-1.0
-1.0
-1.0
-1.0
-1.0
-1.0
-1.0
-1.0
-1.0
-1.0
-1.0
-1.0
-1.0
-1.0
374.987559319
-1.0
-1.0
376.396594048
-1.0
-1.0
-1.0
-1.0
-1.0
374.504227638
372.550420761
373.697309494
-1.0
-1.0
372.173585892
375.331625938
374.487843513
374.111008644
-1.0
375.094056129
-1.0
-1.0
-1.0
373.734173775
376.224560738
373.082904816
374.590244293
376.552243233
373.525276184
-1.0
373.492507935
-1.0
375.282473564
373.783326149
376.789813042
372.44392395
373.750557899
-1.0
-1.0
-1.0
373.353242874
372.632341385
376.257328987
374.680356979
376.118063927
-1.0
376.154928207
374.696741104
375.741229057
373.78742218
373.750557899
373.88982296
375.368490219
-1.0
376.535859108
371.727118492
374.127392769
374.561572075
373.390107155
-1.0
373.164825439
-1.0
-1.0
373.23445797
374.967079163
372.427539825
-1.0
-1.0
-1.0
-1.0
-1.0
-1.0
373.611292839
372.755222321
374.471459389
372.78799057
-1.0
-1.0
-1.0
-1.0
-1.0
-1.0
-1.0
-1.0
372.96002388
373.050136566
372.288274765
-1.0
374.713125229
373.37372303
374.418210983
374.315810204
374.47555542
372.222738266
374.008607864
374.336290359
373.594908714
374.799141884
-1.0
-1.0
372.620053291
374.213409424
373.906207085
372.669205666
377.789244652
-1.0
-1.0
-1.0
-1.0
375.638828278
-1.0
373.803806305
-1.0
374.831910133
374.815526009
-1.0
374.147872925
375.712556839
372.222738266
374.782757759
-1.0
-1.0
-1.0
-1.0
375.348010063
375.192360878
-1.0
375.692076683
-1.0
-1.0
-1.0
-1.0
-1.0
-1.0
-1.0
-1.0
-1.0
-1.0
-1.0
-1.0
-1.0
373.06242466
372.669205666
375.794477463
373.078808784
375.020327568
-1.0
-1.0
-1.0
-1.0
-1.0
-1.0
-1.0
-1.0
-1.0
-1.0
374.229793549
-1.0
-1.0
-1.0
375.397162437
375.589675903
-1.0
376.519474983
-1.0
-1.0
-1.0
-1.0
375.798573494
-1.0
-1.0
-1.0
-1.0
374.111008644
-1.0
-1.0
-1.0
-1.0
374.692645073
-1.0
-1.0
-1.0
-1.0
-1.0
-1.0
373.27132225
373.85705471
-1.0
374.815526009
-1.0
-1.0
-1.0
-1.0
374.954791069
-1.0
-1.0
-1.0
373.54575634
376.122159958
374.180641174
375.278377533
374.074144363
-1.0
374.713125229
-1.0
-1.0
375.487275124
-1.0
-1.0
-1.0
-1.0
-1.0
-1.0
