a375
-1.0
-1.0
372.92725563
-1.0
-1.0
-1.0
-1.0
-1.0
-1.0
-1.0
-1.0
-1.0
-1.0
-1.0
-1.0
372.427539825
374.627108574
-1.0
-1.0
-1.0
375.331625938
-1.0
372.82075882
-1.0
-1.0
372.136721611
-1.0
373.013272285
-1.0
372.206354141
376.240944862
374.541091919
-1.0
372.61595726
373.27132225
-1.0
-1.0
-1.0
370.985736847
-1.0
-1.0
-1.0
-1.0
374.143776894
372.394771576
-1.0
-1.0
373.455643654
374.1314888
-1.0
-1.0
-1.0
-1.0
375.434026718
374.455075264
375.364394188
-1.0
374.868774414
-1.0
-1.0
375.536427498
375.364394188
375.040807724
374.438691139
374.852390289
376.208176613
-1.0
-1.0
375.331625938
374.938406944
375.143208504
-1.0
-1.0
376.503090858
374.041376114
377.047863007
374.352674484
-1.0
-1.0
-1.0
373.181209564
-1.0
-1.0
-1.0
374.283041954
373.254938126
-1.0
-1.0
