a375
-1.0
374.5779562
374.987559319
-1.0
-1.0
-1.0
-1.0
-1.0
-1.0
-1.0
374.369058609
-1.0
-1.0
-1.0
374.54518795
-1.0
-1.0
-1.0
375.036711693
-1.0
-1.0
376.638259888
-1.0
-1.0
-1.0
-1.0
-1.0
373.71778965
372.464404106
-1.0
372.706069946
375.294761658
-1.0
-1.0
-1.0
-1.0
-1.0
-1.0
372.411155701
373.734173775
-1.0
375.843629837
372.34152317
-1.0
-1.0
-1.0
-1.0
373.164825439
-1.0
373.369626999
374.762277603
-1.0
-1.0
373.766942024
373.922591209
-1.0
-1.0
-1.0
-1.0
-1.0
-1.0
-1.0
-1.0
372.61595726
373.046040535
-1.0
-1.0
-1.0
-1.0
371.415820122
-1.0
-1.0
-1.0
-1.0
372.566804886
374.06185627
-1.0
373.971743584
-1.0
-1.0
376.171312332
373.64815712
-1.0
-1.0
-1.0
372.61595726
-1.0
-1.0
-1.0
-1.0
-1.0
