a400
-1.0
400.292840004
-1.0
401.665010452
-1.0
400.157670975
-1.0
-1.0
-1.0
399.813604355
400.948204994
-1.0
-1.0
-1.0
-1.0
402.852859497
-1.0
398.814172745
-1.0
-1.0
-1.0
400.743403435
400.841708183
-1.0
399.82998848
-1.0
-1.0
399.985637665
-1.0
-1.0
400.260071754
-1.0
-1.0
-1.0
-1.0
-1.0
-1.0
-1.0
-1.0
-1.0
-1.0
401.206254959
-1.0
-1.0
-1.0
-1.0
-1.0
399.03945446
401.325039864
-1.0
-1.0
-1.0
399.03945446
399.088606834
-1.0
400.722923279
-1.0
-1.0
-1.0
-1.0
-1.0
-1.0
-1.0
399.776740074
-1.0
-1.0
-1.0
-1.0
-1.0
-1.0
-1.0
-1.0
-1.0
-1.0
-1.0
-1.0
-1.0
-1.0
-1.0
401.648626328
-1.0
-1.0
398.973917961
-1.0
-1.0
-1.0
-1.0
-1.0
-1.0
