a400
402.971644402
84.9189186096
-1.0
401.771507263
-1.0
-1.0
325.458350182
-1.0
-1.0
-1.0
400.432105064
-1.0
-1.0
400.31332016
-1.0
-1.0
-1.0
-1.0
-1.0
400.788459778
399.2811203
-1.0
-1.0
-1.0
-1.0
-1.0
-1.0
-1.0
-1.0
-1.0
-1.0
-1.0
-1.0
-1.0
-1.0
-1.0
-1.0
-1.0
-1.0
401.841139793
-1.0
-1.0
-1.0
-1.0
-1.0
399.604706764
-1.0
-1.0
-1.0
399.981541634
399.506402016
-1.0
-1.0
-1.0
-1.0
-1.0
400.894956589
-1.0
-1.0
-1.0
399.895524979
399.260640144
-1.0
400.620522499
-1.0
399.502305984
-1.0
-1.0
400.296936035
400.948204994
-1.0
-1.0
-1.0
401.705970764
-1.0
-1.0
-1.0
-1.0
-1.0
-1.0
399.125471115
-1.0
-1.0
-1.0
402.238454819
401.701874733
-1.0
398.060503006
-1.0
-1.0
-1.0
-1.0
-1.0
-1.0
-1.0
-1.0
-1.0
-1.0
-1.0
-1.0
-1.0
-1.0
-1.0
-1.0
-1.0
401.136622429
-1.0
-1.0
-1.0
-1.0
-1.0
402.902011871
-1.0
-1.0
400.620522499
-1.0
-1.0
-1.0
-1.0
-1.0
-1.0
-1.0
-1.0
-1.0
-1.0
-1.0
400.75978756
-1.0
-1.0
-1.0
402.406392097
-1.0
-1.0
-1.0
-1.0
-1.0
-1.0
400.964589119
-1.0
-1.0
-1.0
400.964589119
-1.0
-1.0
403.401727676
-1.0
-1.0
-1.0
-1.0
-1.0
-1.0
-1.0
-1.0
-1.0
-1.0
-1.0
-1.0
-1.0
-1.0
-1.0
-1.0
-1.0
-1.0
-1.0
-1.0
-1.0
-1.0
-1.0
-1.0
400.448489189
-1.0
400.329704285
-1.0
-1.0
-1.0
-1.0
-1.0
400.088038445
-1.0
-1.0
-1.0
-1.0
-1.0
-1.0
-1.0
-1.0
-1.0
-1.0
-1.0
-1.0
-1.0
-1.0
-1.0
-1.0
402.045941353
-1.0
-1.0
-1.0
-1.0
-1.0
-1.0
-1.0
-1.0
-1.0
-1.0
-1.0
399.79722023
-1.0
-1.0
-1.0
-1.0
-1.0
-1.0
-1.0
-1.0
-1.0
400.481257439
-1.0
401.996788979
-1.0
-1.0
-1.0
400.276455879
401.533937454
-1.0
-1.0
-1.0
-1.0
-1.0
-1.0
-1.0
-1.0
-1.0
-1.0
-1.0
-1.0
-1.0
-1.0
-1.0
-1.0
-1.0
-1.0
-1.0
-1.0
-1.0
-1.0
-1.0
-1.0
-1.0
-1.0
-1.0
-1.0
-1.0
-1.0
400.346088409
-1.0
-1.0
399.023070335
401.755123138
-1.0
-1.0
-1.0
-1.0
400.07165432
-1.0
-1.0
400.362472534
-1.0
402.062325478
-1.0
400.567274094
400.534505844
401.927156448
400.641002655
403.045372963
400.411624908
-1.0
-1.0
-1.0
399.916005135
-1.0
-1.0
-1.0
-1.0
-1.0
398.96982193
401.497073174
-1.0
-1.0
-1.0
-1.0
