a400
-1.0
-1.0
399.092702866
-1.0
-1.0
-1.0
402.336759567
-1.0
-1.0
-1.0
-1.0
-1.0
-1.0
-1.0
-1.0
-1.0
-1.0
-1.0
-1.0
-1.0
-1.0
-1.0
-1.0
-1.0
-1.0
-1.0
-1.0
-1.0
-1.0
397.495250702
-1.0
-1.0
-1.0
-1.0
-1.0
-1.0
-1.0
-1.0
-1.0
400.034790039
399.178719521
398.86742115
-1.0
-1.0
-1.0
399.125471115
-1.0
-1.0
-1.0
400.034790039
399.604706764
-1.0
401.357808113
-1.0
402.353143692
-1.0
-1.0
400.137190819
-1.0
-1.0
-1.0
398.334937096
-1.0
-1.0
-1.0
400.276455879
399.191007614
-1.0
400.00202179
399.297504425
-1.0
-1.0
-1.0
-1.0
-1.0
-1.0
-1.0
-1.0
-1.0
-1.0
-1.0
-1.0
-1.0
-1.0
-1.0
