a425
-1.0
-1.0
-1.0
-1.0
-1.0
-1.0
-1.0
-1.0
-1.0
-1.0
-1.0
-1.0
-1.0
-1.0
-1.0
-1.0
-1.0
-1.0
-1.0
-1.0
-1.0
-1.0
428.141756058
-1.0
-1.0
427.437238693
-1.0
426.011819839
429.157571793
-1.0
-1.0
-1.0
-1.0
-1.0
-1.0
-1.0
-1.0
-1.0
-1.0
-1.0
-1.0
428.846273422
429.534406662
428.674240112
428.362941742
-1.0
-1.0
-1.0
-1.0
-1.0
-1.0
-1.0
-1.0
-1.0
426.544303894
425.958571434
-1.0
-1.0
427.748537064
429.845705032
427.388086319
427.543735504
-1.0
-1.0
-1.0
-1.0
428.641471863
-1.0
426.204333305
427.314357758
429.120707512
428.846273422
428.006587029
428.485822678
427.297973633
429.915337563
425.499815941
426.306734085
429.378757477
428.592319489
425.73738575
426.593456268
425.995435715
-1.0
429.501638412
-1.0
428.141756058
-1.0
427.199668884
429.792456627
428.539071083
428.829889297
-1.0
427.781305313
-1.0
428.125371933
-1.0
-1.0
-1.0
-1.0
-1.0
-1.0
-1.0
-1.0
-1.0
-1.0
-1.0
-1.0
-1.0
-1.0
-1.0
-1.0
-1.0
-1.0
64.2011928558
-1.0
-1.0
426.769585609
427.367606163
-1.0
426.974387169
426.114220619
-1.0
426.974387169
426.032299995
-1.0
428.534975052
-1.0
-1.0
-1.0
-1.0
-1.0
427.285685539
-1.0
427.027635574
428.690624237
424.434847832
427.797689438
426.581168175
-1.0
430.701775551
426.818737984
-1.0
426.372270584
427.076787949
-1.0
-1.0
429.124803543
427.801785469
428.313789368
425.376935005
427.179188728
428.592319489
427.351222038
425.184421539
429.743304253
429.927625656
426.441903114
427.404470444
428.248252869
427.744441032
426.028203964
427.527351379
426.097836494
425.753769875
432.04117775
426.355886459
426.83921814
426.32311821
427.248821259
428.522686958
427.060403824
427.351222038
-1.0
-1.0
429.481158257
-1.0
427.211956978
-1.0
429.771976471
427.281589508
426.921138763
427.764921188
427.920570374
430.750927925
427.646136284
430.292172432
426.011819839
427.936954498
429.051074982
430.992593765
-1.0
427.523255348
426.679472923
428.588223457
-1.0
-1.0
427.08088398
427.383990288
-1.0
426.441903114
-1.0
427.367606163
428.641471863
-1.0
-1.0
-1.0
427.695288658
426.42551899
430.701775551
426.609840393
425.962667465
425.172133446
427.023539543
-1.0
425.602216721
426.577072144
426.679472923
428.866753578
427.371702194
429.345989227
429.087939262
426.66718483
427.146420479
428.264636993
426.871986389
425.671849251
426.372270584
427.846841812
429.862089157
429.071555138
425.823402405
427.973818779
428.780736923
427.146420479
427.556023598
-1.0
426.802353859
427.097268105
425.790634155
426.269869804
430.804176331
428.743872643
428.780736923
430.222539902
427.076787949
426.925234795
427.130036354
429.616327286
426.49515152
428.776640892
-1.0
428.948674202
426.200237274
429.001922607
426.958003044
428.420286179
427.076787949
429.313220978
427.216053009
426.458287239
426.630320549
428.264636993
428.092603683
427.060403824
427.166900635
427.764921188
427.01125145
425.446567535
428.915905952
-1.0
424.500384331
-1.0
426.511535645
430.116043091
426.405038834
428.506302834
428.416190147
-1.0
-1.0
428.227772713
-1.0
425.893034935
427.232437134
426.630320549
426.663088799
427.523255348
429.018306732
427.490487099
426.888370514
427.920570374
250.914678574
428.244156837
427.986106873
428.039355278
426.716337204
426.560688019
425.274534225
426.871986389
426.683568954
428.575935364
-1.0
426.720433235
430.132427216
427.490487099
428.502206802
427.470006943
424.328351021
-1.0
426.974387169
426.286253929
426.613936424
426.319022179
427.625656128
396.823501587
428.469438553
427.076787949
429.997258186
-1.0
426.372270584
427.232437134
427.781305313
426.650800705
428.039355278
425.786538124
425.327782631
425.651369095
429.960393906
427.867321968
425.860266685
428.350653648
427.044019699
-1.0
427.076787949
428.002490997
430.427341461
428.760256767
426.339502335
427.850937843
-1.0
-1.0
426.42551899
429.137091637
425.409703255
428.367037773
-1.0
427.506871223
429.583559036
427.351222038
427.957434654
-1.0
425.63498497
425.802922249
425.307302475
429.104323387
427.146420479
424.258718491
-1.0
427.969722748
426.08145237
426.028203964
429.292740822
426.527919769
428.932290077
426.679472923
428.711104393
428.260540962
426.904754639
427.318453789
426.958003044
426.941618919
426.904754639
426.560688019
426.511535645
429.071555138
-1.0
-1.0
428.297405243
427.113652229
426.237101555
426.597552299
430.496973991
428.211388588
428.657855988
258.353071213
-1.0
-1.0
426.581168175
428.883137703
425.15165329
427.027635574
426.630320549
428.334269524
430.034122467
428.174524307
425.716905594
427.007155418
413.727822304
426.32311821
426.183853149
425.790634155
427.748537064
428.797121048
426.953907013
427.764921188
-1.0
426.699953079
429.653191566
429.497542381
427.818169594
232.117991447
-1.0
-1.0
-1.0
-1.0
-1.0
-1.0
-1.0
428.690624237
-1.0
-1.0
-1.0
-1.0
427.797689438
-1.0
-1.0
-1.0
427.711672783
-1.0
426.765489578
-1.0
-1.0
-1.0
-1.0
-1.0
-1.0
-1.0
-1.0
-1.0
-1.0
-1.0
-1.0
-1.0
-1.0
427.760825157
-1.0
-1.0
-1.0
-1.0
-1.0
-1.0
-1.0
-1.0
-1.0
-1.0
-1.0
-1.0
426.83921814
-1.0
428.522686958
-1.0
-1.0
-1.0
-1.0
429.567174911
-1.0
-1.0
-1.0
-1.0
-1.0
-1.0
-1.0
-1.0
-1.0
-1.0
427.383990288
-1.0
-1.0
-1.0
