a425
-1.0
428.723392487
429.960393906
427.850937843
428.416190147
-1.0
-1.0
-1.0
-1.0
-1.0
-1.0
-1.0
-1.0
-1.0
-1.0
-1.0
-1.0
-1.0
-1.0
428.485822678
429.001922607
428.453054428
427.060403824
-1.0
426.925234795
-1.0
-1.0
428.711104393
-1.0
-1.0
426.904754639
427.269301414
-1.0
-1.0
426.646704674
-1.0
426.08145237
427.560119629
426.372270584
426.355886459
427.572407722
426.613936424
-1.0
429.190340042
427.302069664
-1.0
-1.0
-1.0
-1.0
-1.0
-1.0
-1.0
426.683568954
-1.0
-1.0
426.49515152
428.453054428
427.920570374
426.08145237
429.227204323
-1.0
427.113652229
427.969722748
429.554886818
428.453054428
426.683568954
428.383421898
425.36055088
427.506871223
428.764352798
-1.0
428.915905952
-1.0
-1.0
427.199668884
426.785969734
426.183853149
-1.0
-1.0
-1.0
-1.0
-1.0
-1.0
425.376935005
-1.0
428.346557617
427.383990288
425.872554779
427.162804604
429.001922607
428.108987808
429.878473282
429.571270943
427.850937843
426.249389648
427.711672783
-1.0
