a425
-1.0
-1.0
-1.0
-1.0
-1.0
-1.0
-1.0
-1.0
-1.0
-1.0
429.362373352
-1.0
-1.0
-1.0
-1.0
-1.0
-1.0
-1.0
-1.0
-1.0
-1.0
-1.0
-1.0
-1.0
-1.0
-1.0
427.371702194
430.910673141
426.130604744
-1.0
426.871986389
426.32311821
429.259972572
426.183853149
426.237101555
425.700521469
426.527919769
427.179188728
428.539071083
-1.0
-1.0
429.087939262
426.49515152
428.039355278
427.179188728
-1.0
-1.0
-1.0
-1.0
-1.0
-1.0
-1.0
-1.0
-1.0
-1.0
-1.0
-1.0
429.964489937
-1.0
-1.0
-1.0
-1.0
-1.0
-1.0
-1.0
-1.0
-1.0
429.051074982
-1.0
-1.0
-1.0
-1.0
427.420854568
-1.0
427.990202904
-1.0
-1.0
-1.0
-1.0
-1.0
-1.0
-1.0
425.962667465
428.088507652
-1.0
426.785969734
