a450
-1.0
-1.0
-1.0
448.343381882
-1.0
445.992259979
447.073612213
447.880530357
-1.0
447.761745453
-1.0
-1.0
446.745929718
447.589712143
-1.0
450.88701725
451.98884964
449.428830147
447.814993858
446.13152504
-1.0
448.482646942
-1.0
448.638296127
-1.0
-1.0
447.970643044
-1.0
-1.0
-1.0
450.407781601
-1.0
-1.0
448.777561188
448.933210373
-1.0
-1.0
-1.0
-1.0
-1.0
-1.0
-1.0
-1.0
-1.0
-1.0
-1.0
-1.0
-1.0
445.975875854
-1.0
449.187164307
451.247467995
-1.0
-1.0
446.459207535
-1.0
-1.0
-1.0
446.164293289
448.810329437
-1.0
449.015130997
447.712593079
446.455111504
447.814993858
-1.0
-1.0
-1.0
-1.0
-1.0
448.363862038
-1.0
-1.0
-1.0
451.88644886
449.686880112
448.687448502
-1.0
-1.0
449.047899246
-1.0
449.101147652
-1.0
-1.0
448.789849281
-1.0
-1.0
-1.0
449.514846802
-1.0
450.272612572
-1.0
-1.0
