a450
-1.0
447.110476494
445.324606895
447.520079613
-1.0
160.203971863
-1.0
-1.0
-1.0
-1.0
-1.0
-1.0
-1.0
445.51302433
444.964156151
445.783362389
446.643528938
449.514846802
-1.0
445.234494209
445.427007675
446.233925819
447.266125679
-1.0
-1.0
-1.0
-1.0
-1.0
-1.0
-1.0
-1.0
-1.0
-1.0
-1.0
-1.0
-1.0
-1.0
448.585047722
451.607918739
447.298893929
-1.0
-1.0
446.610760689
-1.0
447.143244743
-1.0
-1.0
-1.0
-1.0
-1.0
-1.0
-1.0
-1.0
-1.0
-1.0
-1.0
449.768800735
446.594376564
445.939011574
447.880530357
447.262029648
445.61542511
450.407781601
445.697345734
446.13152504
-1.0
-1.0
-1.0
448.224596977
447.810897827
-1.0
-1.0
-1.0
-1.0
-1.0
446.975307465
446.524744034
448.572759628
-1.0
-1.0
-1.0
446.954827309
-1.0
-1.0
-1.0
-1.0
-1.0
-1.0
-1.0
446.287174225
451.042666435
452.984185219
-1.0
446.356806755
448.707928658
448.208212852
447.794513702
-1.0
-1.0
-1.0
-1.0
449.412446022
449.654111862
449.256796837
451.558766365
-1.0
448.343381882
449.736032486
-1.0
-1.0
447.810897827
450.219364166
447.728977203
449.133915901
-1.0
-1.0
-1.0
-1.0
-1.0
448.757081032
-1.0
-1.0
-1.0
-1.0
448.896346092
450.510182381
447.470927238
450.903401375
-1.0
-1.0
-1.0
-1.0
-1.0
447.401294708
-1.0
-1.0
-1.0
-1.0
-1.0
-1.0
-1.0
445.873475075
447.606096268
449.224028587
-1.0
-1.0
-1.0
446.659913063
-1.0
-1.0
450.321764946
-1.0
446.664009094
449.568095207
-1.0
449.391965866
-1.0
450.923881531
447.040843964
446.803274155
447.487311363
445.8898592
446.164293289
449.822049141
449.240412712
450.014562607
449.838433266
450.407781601
447.610192299
447.450447083
446.422343254
446.47559166
447.110476494
448.003411293
448.310613632
447.741265297
-1.0
449.547615051
447.950162888
-1.0
-1.0
-1.0
448.605527878
446.799178123
452.23051548
448.875865936
448.740696907
450.321764946
451.37034893
-1.0
-1.0
-1.0
-1.0
-1.0
450.202980042
448.757081032
448.671064377
448.466262817
-1.0
448.310613632
-1.0
452.009329796
449.600863457
-1.0
449.396061897
451.40311718
448.707928658
-1.0
-1.0
-1.0
447.159628868
452.640118599
447.520079613
447.556943893
447.110476494
447.659344673
447.315278053
-1.0
-1.0
-1.0
-1.0
448.740696907
448.826713562
447.106380463
447.556943893
446.647624969
447.266125679
449.174876213
447.212877274
446.799178123
449.084763527
449.187164307
446.7172575
448.691544533
446.643528938
447.417678833
447.573328018
450.682215691
449.256796837
-1.0
-1.0
447.348046303
448.519511223
-1.0
-1.0
-1.0
-1.0
-1.0
-1.0
-1.0
-1.0
-1.0
-1.0
-1.0
-1.0
447.089996338
-1.0
-1.0
-1.0
-1.0
450.702695847
-1.0
446.782793999
445.254974365
445.680961609
446.352710724
448.777561188
448.277845383
-1.0
-1.0
-1.0
-1.0
-1.0
447.176012993
-1.0
-1.0
-1.0
-1.0
-1.0
-1.0
-1.0
448.019795418
448.310613632
446.369094849
-1.0
-1.0
-1.0
-1.0
-1.0
450.837864876
-1.0
450.4733181
-1.0
-1.0
448.261461258
-1.0
-1.0
-1.0
-1.0
446.369094849
-1.0
447.401294708
449.310045242
448.982362747
-1.0
447.470927238
448.089427948
448.466262817
-1.0
-1.0
-1.0
-1.0
448.965978622
-1.0
448.331093788
450.325860977
449.977698326
449.547615051
447.073612213
448.847193718
-1.0
447.901010513
449.535326958
-1.0
-1.0
-1.0
448.916826248
447.901010513
449.961314201
450.063714981
447.434062958
443.518257141
451.386733055
448.089427948
447.110476494
-1.0
-1.0
-1.0
447.057228088
447.708497047
450.375013351
-1.0
448.142676353
-1.0
451.7471838
449.547615051
-1.0
451.47274971
449.998178482
449.273180962
450.067811012
451.81681633
448.879961967
310.700349808
450.133347511
446.594376564
450.649447441
446.954827309
450.202980042
450.71498394
443.657522202
449.752416611
-1.0
449.703264236
448.863577843
449.654111862
448.519511223
447.470927238
448.466262817
448.773465157
445.61542511
450.702695847
-1.0
447.282509804
449.224028587
451.779952049
449.756512642
448.175444603
-1.0
450.596199036
450.030946732
450.751848221
448.998746872
450.084195137
449.637727737
-1.0
-1.0
-1.0
-1.0
-1.0
-1.0
447.573328018
446.422343254
448.003411293
446.836042404
447.794513702
448.347477913
449.207644463
216.159853935
448.519511223
450.116963387
450.977129936
-1.0
447.794513702
-1.0
-1.0
-1.0
-1.0
-1.0
-1.0
450.0268507
449.289565086
449.875297546
448.535895348
446.02912426
447.573328018
447.401294708
446.868810654
448.261461258
448.843097687
448.761177063
447.778129578
447.573328018
-1.0
-1.0
447.417678833
-1.0
-1.0
-1.0
446.745929718
