a450
-1.0
-1.0
-1.0
-1.0
449.187164307
-1.0
-1.0
-1.0
-1.0
-1.0
-1.0
-1.0
449.289565086
449.477982521
451.05905056
-1.0
448.982362747
-1.0
448.691544533
-1.0
452.210035324
-1.0
-1.0
-1.0
452.398452759
446.78689003
451.81681633
-1.0
-1.0
-1.0
-1.0
-1.0
447.626576424
-1.0
448.691544533
-1.0
449.445214272
452.607350349
-1.0
-1.0
-1.0
448.314709663
-1.0
-1.0
-1.0
-1.0
448.363862038
449.219932556
-1.0
-1.0
451.870064735
452.5745821
-1.0
452.898168564
448.671064377
-1.0
-1.0
452.246899605
447.659344673
-1.0
447.384910583
450.61258316
451.71441555
-1.0
448.638296127
-1.0
451.37034893
450.080099106
444.157238007
450.88701725
451.607918739
-1.0
-1.0
447.778129578
449.002842903
446.524744034
449.477982521
447.868242264
449.375581741
-1.0
-1.0
451.591534615
449.117531776
449.101147652
448.245077133
449.568095207
-1.0
-1.0
-1.0
