a475
-1.0
-1.0
-1.0
-1.0
-1.0
-1.0
-1.0
-1.0
-1.0
-1.0
-1.0
-1.0
-1.0
-1.0
-1.0
472.264204025
469.786105156
474.943008423
472.485389709
-1.0
-1.0
-1.0
-1.0
-1.0
-1.0
474.648094177
-1.0
-1.0
-1.0
-1.0
-1.0
-1.0
-1.0
-1.0
-1.0
-1.0
-1.0
-1.0
-1.0
-1.0
473.292307854
470.801920891
-1.0
469.990906715
-1.0
-1.0
470.785536766
-1.0
-1.0
-1.0
-1.0
-1.0
-1.0
-1.0
-1.0
-1.0
-1.0
471.608839035
-1.0
472.948241234
-1.0
-1.0
-1.0
473.120274544
-1.0
-1.0
-1.0
472.62465477
-1.0
-1.0
-1.0
-1.0
-1.0
-1.0
-1.0
-1.0
-1.0
-1.0
-1.0
-1.0
-1.0
-1.0
-1.0
-1.0
