a50
52.3145103455
52.2284936905
52.6913452148
52.5029277802
51.6222810745
52.4005270004
52.195725441
53.0681800842
52.8633785248
52.8142261505
52.2940301895
52.6913452148
51.7287778854
52.4865436554
52.0032119751
52.1588611603
52.5520801544
52.3800468445
52.347278595
51.8147945404
52.4701595306
52.3841428757
53.0517959595
52.1219968796
51.8475627899
51.7984104156
52.2407817841
51.9335794449
52.7241134644
52.26126194
52.109708786
52.8265142441
53.0354118347
52.5029277802
51.7615461349
52.5848484039
45.7321882248
52.2448778152
52.2448778152
52.175245285
51.8311786652
51.9704437256
52.4660634995
52.5520801544
52.2776460648
51.7984104156
52.7609777451
52.9493951797
52.347278595
52.4169111252
52.5520801544
51.9171953201
52.2776460648
52.5356960297
51.9008111954
51.9868278503
52.0728445053
52.3636627197
52.5356960297
52.5889444351
52.326798439
52.4496793747
48.3618402481
53.0681800842
51.8844270706
52.0073080063
52.0728445053
52.175245285
52.2448778152
52.1056127548
51.5362644196
51.7779302597
51.7287778854
52.5029277802
52.6421928406
52.5520801544
51.9335794449
52.3964309692
52.1260929108
52.5193119049
52.7445936203
52.7937459946
51.8844270706
52.6380968094
52.6053285599
52.4824476242
52.5193119049
52.4496793747
52.9657793045
52.5193119049
52.0892286301
51.9376754761
52.8265142441
52.9289150238
52.3800468445
52.2284936905
52.26126194
53.0354118347
52.3800468445
52.5889444351
52.1424770355
52.6217126846
52.1260929108
52.0933246613
52.5561761856
52.2940301895
52.8961467743
52.6544809341
52.8142261505
51.9008111954
51.8680429459
52.2121095657
52.26126194
52.0195960999
52.933011055
51.7779302597
52.9657793045
51.9171953201
52.5520801544
52.7077293396
52.7773618698
52.7937459946
52.3841428757
52.6217126846
52.1916294098
52.3308944702
52.6217126846
52.9493951797
52.0892286301
52.4865436554
52.0359802246
52.1219968796
52.1588611603
52.0359802246
52.8469944
52.8961467743
52.8633785248
52.4865436554
51.9212913513
52.4005270004
52.0728445053
52.3800468445
52.6749610901
52.3636627197
52.8469944
52.7978420258
52.9657793045
52.2243976593
52.1793413162
52.5356960297
52.023692131
52.3308944702
52.0359802246
51.8311786652
52.1588611603
52.2448778152
52.3841428757
52.0195960999
52.5193119049
52.1219968796
51.7615461349
52.5193119049
52.933011055
52.3308944702
52.2448778152
52.2981262207
52.347278595
52.3104143143
53.0026435852
52.4332952499
52.7937459946
53.3426141739
52.1056127548
52.4169111252
52.4332952499
52.8101301193
52.4660634995
51.8844270706
52.6217126846
52.6585769653
52.7241134644
51.9171953201
53.01902771
52.5889444351
51.5403604507
52.5193119049
52.109708786
52.7077293396
52.2448778152
52.1219968796
51.8475627899
51.8844270706
52.347278595
51.9171953201
52.4824476242
52.6258087158
51.8147945404
52.5520801544
52.2284936905
52.7077293396
53.170580864
52.6217126846
52.9657793045
52.7609777451
52.998547554
52.2817420959
52.6421928406
52.1383810043
52.1916294098
52.2448778152
51.9704437256
51.9335794449
52.3841428757
53.0517959595
52.3104143143
52.4701595306
53.0517959595
52.7609777451
52.4865436554
52.6585769653
53.0026435852
53.0886602402
52.109708786
49.6152257919
50.700674057
52.1424770355
51.8311786652
52.3513746262
52.8142261505
52.9493951797
52.5684642792
52.6544809341
52.7445936203
51.9008111954
52.8469944
52.7937459946
52.3308944702
52.0032119751
51.7615461349
51.9499635696
52.2776460648
52.1056127548
52.4660634995
52.5397920609
52.347278595
52.4701595306
52.6217126846
52.5029277802
52.8797626495
53.084564209
52.2121095657
53.1214284897
52.5029277802
52.0564603806
52.109708786
52.326798439
52.26126194
51.9171953201
52.4824476242
51.8311786652
52.4660634995
52.7773618698
51.9540596008
52.26126194
51.9171953201
52.2940301895
51.8680429459
52.2243976593
52.347278595
52.4496793747
52.7077293396
53.1050443649
52.7609777451
52.912530899
52.2817420959
51.9376754761
53.1910610199
52.2776460648
52.9166269302
52.2981262207
52.4332952499
52.3964309692
52.2121095657
52.1588611603
52.326798439
52.5848484039
52.933011055
48.3782243729
52.4005270004
52.8592824936
52.7241134644
51.9868278503
52.2940301895
52.0564603806
52.4660634995
52.0032119751
52.0032119751
52.5725603104
51.8516588211
52.1916294098
52.6053285599
52.347278595
52.2121095657
52.5520801544
52.0359802246
51.9499635696
52.0892286301
51.9540596008
51.9212913513
52.933011055
53.1050443649
52.7609777451
51.0570287704
52.2243976593
52.5520801544
52.0195960999
51.9868278503
52.4496793747
52.5889444351
51.9008111954
52.26126194
52.4332952499
52.9493951797
51.8311786652
52.7404975891
51.7656421661
51.4707279205
52.2080135345
52.1383810043
51.4010953903
53.3589982986
51.9008111954
53.0517959595
51.9540596008
52.0728445053
52.5684642792
52.0195960999
51.8639469147
52.195725441
52.2448778152
51.9335794449
52.2940301895
52.8265142441
52.347278595
53.0354118347
52.0728445053
52.1056127548
52.0195960999
51.9868278503
52.2776460648
52.3104143143
52.6585769653
52.3308944702
52.175245285
53.1869649887
52.8469944
52.8961467743
52.9493951797
53.0026435852
52.8633785248
52.8101301193
53.0354118347
53.0681800842
52.2981262207
52.9862594604
52.4660634995
59.3228197098
52.0195960999
51.7492580414
52.7404975891
53.0517959595
52.5725603104
52.9657793045
52.6421928406
52.2776460648
52.8797626495
52.4701595306
52.2080135345
52.3636627197
52.7773618698
52.5356960297
52.1588611603
52.5520801544
52.6217126846
52.3145103455
52.7077293396
52.0359802246
52.9002428055
52.8797626495
52.7773618698
53.1378126144
52.8633785248
52.8142261505
52.5193119049
52.8797626495
52.6421928406
53.2934617996
53.3630943298
52.8633785248
52.1916294098
52.4865436554
52.7773618698
53.0681800842
52.8961467743
53.1009483337
52.0032119751
51.8147945404
52.0892286301
51.9212913513
51.8844270706
47.6040744781
52.2448778152
50.9751081467
49.2015266418
52.3800468445
51.9868278503
52.1424770355
51.8680429459
51.8516588211
52.3964309692
52.3636627197
51.8311786652
52.3104143143
52.2407817841
52.1916294098
52.1588611603
52.5193119049
52.2284936905
51.8844270706
52.7077293396
52.4332952499
51.9704437256
52.2448778152
53.0313158035
52.6708650589
51.9540596008
51.9171953201
52.7241134644
52.8142261505
52.5725603104
52.1916294098
52.6053285599
52.5848484039
52.912530899
52.3145103455
52.5356960297
51.4010953903
52.2940301895
52.347278595
51.8803310394
52.7773618698
52.3308944702
51.9335794449
52.2940301895
52.3308944702
53.0354118347
52.0564603806
51.9540596008
52.175245285
52.2448778152
52.2448778152
52.4005270004
52.347278595
52.1793413162
52.2817420959
52.5520801544
52.3800468445
52.347278595
51.9008111954
52.2776460648
52.4496793747
50.7825946808
51.3519430161
51.2454462051
52.7732658386
51.8844270706
52.1588611603
52.8633785248
52.7568817139
52.347278595
52.7241134644
52.8633785248
52.1219968796
52.6258087158
51.7820262909
51.8311786652
52.5684642792
52.2121095657
51.7984104156
52.1588611603
51.7287778854
52.175245285
52.2121095657
52.5193119049
52.5193119049
52.3636627197
52.9657793045
51.9704437256
52.4332952499
52.8469944
52.1424770355
52.7773618698
52.5561761856
52.0195960999
51.9704437256
52.3308944702
52.4496793747
52.109708786
51.9868278503
51.7451620102
52.1260929108
51.9540596008
52.2243976593
52.326798439
52.8592824936
51.6960096359
51.9008111954
51.7287778854
53.1910610199
52.2121095657
51.7656421661
51.9335794449
51.7492580414
51.9868278503
52.3104143143
52.0032119751
51.5936088562
52.347278595
51.8639469147
51.9868278503
52.3800468445
52.3104143143
52.2817420959
52.0032119751
51.9868278503
52.4660634995
53.2934617996
52.6708650589
52.347278595
52.4660634995
52.6380968094
52.7404975891
52.0523643494
52.5397920609
52.3104143143
52.2284936905
51.8516588211
52.0564603806
52.7773618698
52.5356960297
52.2776460648
52.6913452148
52.8633785248
53.0681800842
52.7937459946
52.4865436554
52.1588611603
52.0564603806
52.7609777451
52.5889444351
52.8101301193
52.3964309692
51.7779302597
51.9008111954
51.9499635696
52.8428983688
52.6380968094
51.7984104156
52.1260929108
51.9335794449
52.1424770355
52.5193119049
52.6913452148
52.4005270004
52.7241134644
52.4701595306
52.5193119049
52.6053285599
52.2080135345
52.2448778152
52.2776460648
52.4332952499
52.0032119751
52.3308944702
52.1424770355
52.5725603104
51.9663476944
51.8844270706
51.8475627899
52.4660634995
52.0073080063
52.6749610901
52.4332952499
52.1056127548
52.5193119049
51.4871120453
52.2981262207
51.5198802948
51.9008111954
52.26126194
52.195725441
52.2121095657
52.1056127548
52.26126194
52.2121095657
52.4169111252
52.8633785248
51.9171953201
52.3636627197
52.1260929108
52.326798439
52.5193119049
52.6749610901
52.4660634995
52.347278595
52.2817420959
52.0195960999
51.9008111954
52.2940301895
51.9868278503
50.9914922714
52.2243976593
52.8101301193
51.6960096359
51.6796255112
52.4005270004
51.8639469147
52.2448778152
52.6217126846
51.6919136047
52.4169111252
52.6258087158
52.9166269302
51.8147945404
52.4660634995
52.2448778152
52.3800468445
51.9171953201
53.2606935501
52.1424770355
51.6427612305
51.9376754761
51.9008111954
52.6217126846
51.7615461349
51.7779302597
52.2243976593
52.5520801544
52.9821634293
51.8516588211
52.5193119049
52.7937459946
52.6913452148
52.26126194
52.6913452148
52.6380968094
52.7241134644
52.2284936905
52.3308944702
52.9002428055
51.9704437256
52.347278595
51.9540596008
51.8844270706
52.4169111252
52.3636627197
51.8516588211
52.2243976593
51.8639469147
51.8475627899
51.7451620102
51.6960096359
51.7779302597
52.109708786
51.7943143845
52.1219968796
52.0359802246
52.0032119751
52.9862594604
52.2940301895
52.9657793045
52.5356960297
52.347278595
51.7779302597
51.8147945404
52.0892286301
51.8311786652
52.0523643494
51.8680429459
52.175245285
51.9335794449
51.7984104156
51.8147945404
52.2121095657
51.9008111954
51.8147945404
52.5561761856
52.998547554
52.9452991486
51.9868278503
51.7779302597
52.0892286301
52.0564603806
51.8680429459
52.1056127548
51.9335794449
51.8147945404
52.2080135345
52.1260929108
52.2817420959
52.0195960999
51.9376754761
52.2776460648
52.5889444351
52.7609777451
52.0728445053
52.5889444351
52.998547554
51.7082977295
51.9663476944
51.8147945404
52.912530899
52.6585769653
52.1424770355
52.8797626495
53.1541967392
52.347278595
52.912530899
52.195725441
52.6749610901
52.6749610901
52.7937459946
52.5356960297
52.8633785248
52.2448778152
51.9008111954
51.7820262909
52.0728445053
52.2940301895
52.1219968796
52.1916294098
52.7773618698
52.2121095657
52.6053285599
49.7340106964
52.4537754059
52.8428983688
52.7609777451
52.5889444351
51.6591453552
52.9493951797
51.7984104156
52.3800468445
52.0728445053
52.9821634293
51.9008111954
51.9008111954
51.8680429459
52.2284936905
51.8475627899
51.8475627899
51.7984104156
52.0564603806
52.1424770355
52.4169111252
53.0517959595
52.0892286301
51.8311786652
51.8475627899
52.0728445053
51.2986946106
52.0523643494
52.5684642792
51.8311786652
51.8680429459
52.4537754059
51.4215755463
51.8147945404
51.8516588211
52.0728445053
53.60476017
52.4496793747
52.3104143143
52.912530899
53.0026435852
52.1383810043
52.998547554
52.7609777451
52.7609777451
52.3145103455
50.938243866
52.2940301895
51.9008111954
52.4005270004
51.7287778854
51.9499635696
51.9540596008
52.2284936905
51.9704437256
52.1424770355
52.1260929108
52.1916294098
52.933011055
52.6053285599
52.8961467743
52.6749610901
52.5520801544
53.01902771
52.9821634293
52.6749610901
52.9862594604
52.5029277802
52.3145103455
52.26126194
51.9376754761
51.3888072968
53.0313158035
51.9335794449
52.8592824936
52.5561761856
51.9008111954
52.4701595306
51.8352746964
51.9376754761
52.2121095657
52.3145103455
52.5356960297
51.9868278503
53.2934617996
51.8803310394
52.4824476242
52.6217126846
52.1916294098
52.0195960999
52.175245285
53.0681800842
52.7773618698
52.8961467743
52.5193119049
52.5193119049
51.9008111954
51.7123937607
51.6427612305
52.2243976593
51.8639469147
51.9499635696
52.0892286301
52.4496793747
52.6421928406
52.8428983688
52.4005270004
52.175245285
52.2284936905
51.7287778854
51.9540596008
52.5193119049
52.1424770355
52.347278595
52.1219968796
52.5029277802
52.1219968796
52.2981262207
52.3308944702
52.0032119751
53.0149316788
52.7077293396
52.8797626495
52.8961467743
52.5520801544
52.1588611603
52.5029277802
52.3841428757
51.7123937607
52.6217126846
52.7445936203
52.5520801544
52.2284936905
52.26126194
52.7773618698
54.1659164429
52.7077293396
52.195725441
52.4824476242
51.6960096359
52.6217126846
52.9452991486
51.7287778854
51.8680429459
52.6012325287
52.7609777451
52.5889444351
52.9821634293
52.4332952499
52.4865436554
50.200958252
51.7328739166
51.67552948
52.4169111252
52.3145103455
52.175245285
51.3683271408
52.8797626495
52.6217126846
52.5684642792
52.2407817841
51.9704437256
52.4496793747
52.3964309692
52.26126194
51.8475627899
52.6913452148
52.5889444351
51.6960096359
52.7241134644
50.5450248718
53.2565975189
52.6380968094
52.4332952499
52.3636627197
52.7937459946
52.6913452148
51.7656421661
52.8797626495
52.7241134644
47.1084547043
52.175245285
52.2407817841
52.195725441
52.4169111252
52.347278595
52.4865436554
54.0348434448
52.4005270004
52.6421928406
51.8311786652
52.6749610901
52.4005270004
52.5193119049
52.1219968796
52.5029277802
52.4332952499
52.2284936905
52.8633785248
52.6544809341
52.6421928406
51.9008111954
52.6544809341
52.26126194
52.7773618698
53.0681800842
52.175245285
52.9289150238
52.26126194
52.8633785248
52.195725441
52.8265142441
51.8147945404
52.0032119751
52.5561761856
52.5029277802
52.6380968094
52.6053285599
52.4660634995
52.2080135345
52.347278595
52.6913452148
51.0242605209
52.3104143143
52.9493951797
52.4537754059
52.4332952499
52.7568817139
51.8147945404
52.1424770355
52.2080135345
52.2981262207
52.6053285599
52.0195960999
52.5889444351
53.0149316788
52.6913452148
52.0195960999
51.7656421661
51.8311786652
52.9002428055
52.0892286301
52.2284936905
52.1219968796
51.8475627899
52.175245285
49.9592924118
52.2284936905
51.7492580414
52.6749610901
52.1588611603
52.2776460648
52.0687484741
51.8311786652
52.0032119751
51.8188905716
51.9663476944
48.9434766769
52.175245285
52.2243976593
51.8844270706
51.7656421661
51.7820262909
51.9376754761
51.7615461349
51.9008111954
52.0032119751
51.7820262909
51.9212913513
52.0032119751
51.6427612305
51.7615461349
52.023692131
51.8147945404
51.8803310394
51.7984104156
51.8639469147
52.0564603806
52.7445936203
52.498831749
51.8844270706
52.0564603806
52.3308944702
52.4496793747
52.4660634995
52.2284936905
52.0032119751
52.1056127548
52.1588611603
52.6217126846
52.2284936905
51.8844270706
51.9008111954
51.9171953201
51.1799097061
52.1588611603
51.9171953201
51.7820262909
52.2284936905
52.3145103455
52.7404975891
52.175245285
52.4169111252
51.8680429459
52.2080135345
52.0195960999
52.2981262207
51.8311786652
51.8516588211
52.0359802246
51.9540596008
52.1916294098
51.9499635696
51.9868278503
51.8147945404
52.6217126846
51.9335794449
51.8147945404
54.4239664078
51.7287778854
52.1588611603
52.9657793045
51.8680429459
51.8516588211
53.1910610199
52.6421928406
52.109708786
52.0892286301
51.9008111954
52.5520801544
52.4660634995
51.8680429459
51.8844270706
52.1588611603
51.7984104156
52.2407817841
52.0892286301
52.2448778152
52.0523643494
52.6585769653
52.347278595
51.9868278503
52.1219968796
52.7937459946
51.8352746964
52.6913452148
52.2284936905
51.8147945404
51.8475627899
51.9868278503
51.6919136047
51.6960096359
52.1424770355
51.9008111954
52.0032119751
51.8475627899
52.1219968796
47.5713062286
51.8352746964
52.4660634995
52.0564603806
51.8311786652
52.0728445053
52.2776460648
51.7451620102
52.7282094955
52.8961467743
51.8803310394
52.8961467743
51.8639469147
52.6217126846
52.1056127548
51.8475627899
51.8147945404
52.6217126846
55.4233980179
51.7820262909
52.0564603806
52.1588611603
52.4660634995
52.5029277802
49.8364114761
51.1799097061
52.3104143143
51.9008111954
48.0874061584
52.2448778152
51.9335794449
51.8844270706
51.7123937607
51.8803310394
52.2981262207
52.6380968094
52.4824476242
52.2121095657
52.7773618698
52.6421928406
51.7451620102
51.7451620102
51.7820262909
52.4169111252
51.8516588211
52.0728445053
52.5684642792
52.326798439
52.26126194
51.8516588211
51.8516588211
52.412815094
51.8311786652
52.3677587509
52.2776460648
52.0195960999
51.8844270706
52.5520801544
51.8147945404
52.5029277802
52.5889444351
51.8311786652
51.8844270706
52.195725441
52.6217126846
52.2981262207
52.1916294098
52.2080135345
47.7269554138
51.1594295502
52.0564603806
51.9704437256
52.0892286301
51.2986946106
52.3964309692
52.5356960297
52.7609777451
52.4332952499
52.2448778152
52.5848484039
52.2243976593
51.7287778854
51.9171953201
51.8311786652
51.9868278503
51.1635255814
52.5684642792
51.9335794449
54.3584299088
52.1056127548
52.4537754059
52.7445936203
52.175245285
51.7820262909
51.9540596008
52.26126194
52.1219968796
51.7820262909
52.2080135345
52.0032119751
52.3964309692
52.7937459946
52.4824476242
52.2284936905
52.9493951797
52.4005270004
52.4332952499
52.2981262207
52.4824476242
52.1056127548
52.195725441
52.0892286301
52.1588611603
52.3104143143
51.8844270706
51.9704437256
51.7451620102
52.0523643494
52.5356960297
52.023692131
51.7123937607
52.1056127548
51.9704437256
52.6053285599
48.0013895035
52.4169111252
52.6053285599
52.3145103455
52.3800468445
52.5029277802
52.26126194
52.1219968796
53.0313158035
52.5029277802
52.4332952499
52.2817420959
53.1173324585
51.9868278503
52.933011055
52.175245285
52.6708650589
52.6217126846
53.170580864
52.1793413162
52.175245285
52.4332952499
52.5520801544
52.1219968796
52.0728445053
52.3636627197
52.5029277802
52.5848484039
52.6380968094
52.3308944702
52.3636627197
52.6053285599
52.4169111252
53.1910610199
51.4543437958
52.4660634995
51.9171953201
52.4169111252
51.8516588211
52.0564603806
51.9171953201
52.4332952499
52.4005270004
52.8961467743
52.9657793045
52.175245285
51.9868278503
52.5193119049
52.2121095657
52.5193119049
51.8803310394
52.1260929108
52.26126194
52.6421928406
52.8142261505
51.7615461349
52.3841428757
52.1588611603
52.0564603806
52.5356960297
52.3145103455
53.0149316788
52.023692131
51.9008111954
51.9540596008
52.4701595306
53.0149316788
51.9704437256
51.9335794449
51.6058969498
52.933011055
52.26126194
52.4332952499
51.2454462051
52.4701595306
52.6421928406
52.4005270004
52.6380968094
52.5725603104
52.2776460648
52.7937459946
52.7937459946
52.9493951797
51.8188905716
52.4496793747
52.4660634995
52.347278595
52.4496793747
51.7615461349
51.8147945404
51.8639469147
51.8475627899
52.5561761856
51.9212913513
52.0728445053
52.0728445053
51.8147945404
51.9335794449
51.8844270706
51.9376754761
52.2448778152
52.933011055
52.9821634293
52.26126194
52.1260929108
51.7287778854
52.1588611603
52.0359802246
51.9540596008
50.3688955307
52.1588611603
51.9212913513
51.7123937607
52.1260929108
52.9493951797
52.8961467743
51.8147945404
51.8639469147
51.3191747665
52.109708786
52.3636627197
52.2448778152
52.9493951797
52.6913452148
52.6380968094
51.6427612305
52.6708650589
51.67552948
51.9868278503
51.7779302597
52.5193119049
52.5029277802
52.2121095657
52.175245285
52.1260929108
52.0359802246
51.7451620102
52.1424770355
52.2448778152
52.4537754059
52.175245285
50.6474256516
52.5193119049
51.67552948
51.8680429459
52.1219968796
51.9868278503
52.0195960999
52.5561761856
52.3145103455
52.998547554
52.5193119049
52.6053285599
52.4865436554
52.4169111252
52.2776460648
52.3677587509
52.2776460648
51.9335794449
51.9008111954
52.2981262207
52.6217126846
52.3677587509
52.2448778152
52.347278595
51.8844270706
51.7656421661
52.5889444351
51.8844270706
51.9171953201
52.0032119751
51.0938930511
51.9868278503
51.9868278503
52.1383810043
52.0400762558
51.9704437256
52.0892286301
52.7609777451
52.9657793045
52.7609777451
52.7937459946
52.9493951797
52.2284936905
52.0195960999
49.5988416672
52.3145103455
51.4543437958
51.4871120453
52.1588611603
51.9335794449
51.7984104156
52.4496793747
51.7451620102
52.1424770355
51.9499635696
52.0564603806
51.9704437256
52.4332952499
51.8311786652
52.5356960297
51.7820262909
52.2448778152
52.2817420959
52.1260929108
52.0032119751
52.0195960999
51.8516588211
51.7984104156
51.7492580414
51.8639469147
51.9008111954
51.7656421661
52.0728445053
52.2653579712
52.3308944702
51.9704437256
51.9868278503
52.26126194
52.2776460648
50.0084447861
52.4660634995
51.7615461349
52.498831749
52.8961467743
52.4865436554
52.7077293396
52.7773618698
52.7282094955
52.2243976593
52.1056127548
52.2776460648
51.8147945404
52.347278595
52.7077293396
52.5889444351
52.1916294098
52.3636627197
52.6217126846
52.412815094
52.7282094955
52.5520801544
52.7568817139
52.8428983688
52.1424770355
52.3800468445
51.9868278503
51.9171953201
51.8844270706
52.1588611603
51.8803310394
53.01902771
52.6749610901
52.5520801544
51.8680429459
51.9868278503
52.7404975891
52.1916294098
51.8475627899
52.1219968796
51.8147945404
51.8844270706
51.7820262909
51.8680429459
52.6749610901
51.7287778854
51.7451620102
52.0359802246
52.0728445053
51.8844270706
51.9868278503
52.5725603104
51.1962938309
51.9008111954
53.1009483337
51.6919136047
51.9171953201
51.9868278503
51.5731287003
52.2776460648
52.0400762558
52.8797626495
52.7118253708
52.109708786
51.67552948
51.3027906418
51.8475627899
51.67552948
52.3800468445
52.4701595306
52.4824476242
52.4660634995
51.8311786652
51.9868278503
52.1056127548
51.9868278503
51.9335794449
52.933011055
52.7609777451
52.8142261505
52.1424770355
52.5889444351
52.6217126846
51.7984104156
51.7984104156
51.9335794449
51.8680429459
51.9008111954
52.175245285
51.9868278503
51.7615461349
53.2934617996
51.9171953201
52.2284936905
52.5356960297
52.5029277802
52.4865436554
52.1424770355
52.8961467743
52.7077293396
53.01902771
53.0681800842
52.7773618698
52.4496793747
52.6258087158
52.8961467743
52.0564603806
51.9335794449
51.9008111954
51.9171953201
52.3677587509
53.0681800842
52.6585769653
52.26126194
52.2080135345
51.8311786652
52.5561761856
52.4005270004
52.1424770355
51.8516588211
52.2080135345
51.9376754761
50.8727073669
51.8475627899
52.2080135345
52.0892286301
52.1588611603
52.3308944702
52.0728445053
52.7077293396
52.8633785248
52.7077293396
52.347278595
51.9704437256
52.3308944702
52.2448778152
52.4332952499
52.9657793045
52.7773618698
52.5029277802
52.1056127548
52.5029277802
52.7241134644
52.26126194
51.9171953201
51.9868278503
51.8844270706
52.412815094
52.4332952499
51.9704437256
52.2080135345
51.9008111954
52.1424770355
51.9171953201
51.8516588211
40.5097484589
51.9008111954
51.8147945404
52.7118253708
52.0195960999
51.9868278503
51.8311786652
51.9171953201
52.6585769653
52.5725603104
51.9376754761
52.3800468445
46.8340206146
52.5561761856
52.0892286301
52.1260929108
52.2448778152
52.0032119751
52.9821634293
52.8469944
52.4332952499
53.084564209
52.2284936905
52.1424770355
52.7773618698
52.9821634293
52.7077293396
51.9335794449
52.1056127548
51.9540596008
52.4332952499
52.8797626495
52.7937459946
52.3308944702
51.8475627899
51.8475627899
52.4701595306
52.1588611603
52.3636627197
52.498831749
51.9008111954
52.933011055
52.8797626495
52.9289150238
51.8516588211
52.0195960999
51.9704437256
52.175245285
51.7287778854
52.4701595306
52.3800468445
53.0026435852
52.5029277802
54.493598938
52.8633785248
52.0892286301
51.9171953201
52.5889444351
52.6544809341
52.8306102753
52.5684642792
47.5016736984
50.1518058777
52.5889444351
51.7451620102
51.9868278503
51.8311786652
51.9663476944
52.4496793747
52.26126194
53.01902771
52.5520801544
52.3841428757
52.6913452148
52.8265142441
52.0195960999
52.0728445053
51.9663476944
52.2448778152
51.9008111954
52.109708786
52.109708786
52.1383810043
51.4215755463
51.9008111954
51.9335794449
51.2823104858
52.3841428757
52.1916294098
52.0728445053
52.109708786
52.2080135345
52.0564603806
52.0195960999
51.2126779556
52.5520801544
52.3308944702
52.5520801544
53.1378126144
52.7077293396
52.5520801544
52.3308944702
51.8680429459
52.8469944
52.0728445053
52.8265142441
53.0517959595
52.8469944
52.4332952499
52.26126194
52.8101301193
52.175245285
51.8475627899
52.6913452148
52.023692131
52.3677587509
52.2121095657
52.4824476242
52.5889444351
52.4005270004
52.4332952499
52.1056127548
51.9868278503
52.6380968094
52.5889444351
51.9663476944
52.2284936905
52.0892286301
52.5397920609
52.0728445053
53.0313158035
52.5848484039
52.4660634995
52.3308944702
52.6749610901
52.0564603806
52.2653579712
52.5029277802
52.6380968094
52.6913452148
52.0892286301
53.2934617996
53.0149316788
52.4496793747
51.8516588211
52.023692131
52.0523643494
52.2080135345
52.0032119751
52.1916294098
52.26126194
52.347278595
52.5193119049
52.4701595306
52.3308944702
52.7077293396
53.5678958893
51.9335794449
52.4496793747
52.7404975891
53.0681800842
52.6053285599
53.2934617996
52.2243976593
52.1056127548
53.1173324585
52.7937459946
51.9704437256
53.1050443649
52.7282094955
52.4496793747
52.1424770355
52.2776460648
52.2776460648
52.0687484741
52.1056127548
52.7609777451
51.8680429459
52.023692131
52.912530899
52.8633785248
52.7773618698
52.4660634995
52.7937459946
53.3753824234
49.3940401077
52.8592824936
52.8101301193
52.9821634293
52.6913452148
52.8306102753
52.2243976593
52.8633785248
52.7077293396
53.4818792343
52.8633785248
53.0517959595
53.4818792343
52.6913452148
52.4701595306
50.5409288406
52.5848484039
52.1916294098
52.2080135345
52.7773618698
52.8469944
53.084564209
53.0354118347
52.3636627197
52.0400762558
51.1430454254
51.1962938309
51.7820262909
52.1916294098
52.1383810043
51.3683271408
52.26126194
51.9171953201
52.0032119751
52.0195960999
52.5725603104
51.7984104156
52.5889444351
51.8639469147
52.7404975891
52.9821634293
52.8142261505
52.8265142441
51.7451620102
52.0359802246
52.5889444351
53.5515117645
53.4654951096
53.2238292694
52.6053285599
52.5029277802
53.2402133942
52.3636627197
52.0564603806
51.8147945404
51.1594295502
52.8797626495
52.7445936203
52.6053285599
52.6872491837
51.8639469147
52.4496793747
48.9803409576
52.347278595
52.3636627197
52.4169111252
52.023692131
52.4005270004
52.0564603806
51.9335794449
52.4824476242
52.3308944702
52.175245285
52.0400762558
52.1424770355
51.8680429459
52.3800468445
52.2243976593
51.9868278503
52.4005270004
51.8147945404
51.8803310394
51.9868278503
51.7287778854
51.7287778854
52.2121095657
52.3636627197
51.8475627899
52.2080135345
52.3145103455
52.4496793747
51.6591453552
