a50
51.9171953201
51.8680429459
52.8469944
52.3308944702
51.7984104156
52.347278595
52.175245285
51.6591453552
52.5684642792
52.6913452148
52.7773618698
52.4169111252
52.1424770355
52.6913452148
51.9335794449
51.7820262909
52.1383810043
52.7282094955
52.4824476242
52.2776460648
52.0400762558
51.8516588211
51.9540596008
52.5356960297
51.8311786652
51.7656421661
52.2776460648
52.023692131
52.023692131
53.1214284897
52.5356960297
52.4332952499
52.7077293396
52.6053285599
52.023692131
52.1260929108
52.3800468445
52.5193119049
52.4701595306
52.4865436554
52.26126194
51.8844270706
52.175245285
52.7241134644
51.7779302597
51.8516588211
52.0032119751
52.0933246613
51.9171953201
51.6263771057
51.8680429459
51.9704437256
52.498831749
51.6960096359
51.7656421661
51.6591453552
52.4169111252
52.5356960297
52.8265142441
52.175245285
52.6913452148
52.4701595306
52.5193119049
52.195725441
51.67552948
51.7287778854
51.9008111954
52.0032119751
52.8265142441
52.3964309692
51.8680429459
52.1219968796
52.3636627197
52.5029277802
52.1793413162
52.3145103455
51.8680429459
52.4496793747
52.1056127548
51.9499635696
51.9335794449
51.8311786652
52.7937459946
52.1383810043
51.7615461349
52.2448778152
52.7445936203
52.8428983688
51.8844270706
52.6913452148
52.0195960999
51.7984104156
52.2448778152
51.9499635696
52.4660634995
52.1588611603
52.0400762558
52.1793413162
52.2121095657
