a50
52.8101301193
52.6585769653
51.6427612305
52.9821634293
51.7123937607
52.0032119751
52.0892286301
51.9008111954
52.0359802246
52.4496793747
51.9704437256
52.0032119751
52.4660634995
52.7282094955
53.7030649185
51.7451620102
52.8633785248
51.8680429459
51.9335794449
52.3636627197
52.1383810043
51.9827318192
52.8797626495
52.109708786
52.5725603104
52.6749610901
51.9499635696
51.9704437256
52.8961467743
52.0359802246
52.7445936203
52.7609777451
52.4332952499
52.7404975891
51.9335794449
52.2776460648
52.5889444351
52.998547554
52.3308944702
52.0195960999
52.3964309692
52.2080135345
51.9008111954
51.9008111954
52.1916294098
52.0195960999
52.3677587509
52.4824476242
52.2121095657
51.9868278503
52.6913452148
51.8844270706
53.0681800842
51.9868278503
52.1424770355
52.0728445053
52.5029277802
52.2448778152
52.1056127548
52.26126194
52.7445936203
51.8311786652
52.912530899
51.8475627899
51.7779302597
51.9540596008
52.0564603806
52.175245285
52.1056127548
52.3636627197
52.7978420258
52.3104143143
52.5193119049
52.2448778152
52.5193119049
52.8142261505
52.8101301193
52.0892286301
52.912530899
52.347278595
52.5356960297
51.9376754761
52.9002428055
52.2448778152
51.9499635696
53.1378126144
52.7609777451
51.8516588211
52.7732658386
51.9335794449
51.8147945404
52.7609777451
51.8844270706
52.5193119049
52.4701595306
51.8680429459
52.4005270004
51.8844270706
52.5193119049
51.7451620102
52.6585769653
52.4660634995
52.0564603806
52.023692131
52.0195960999
52.6217126846
52.5561761856
52.1547651291
52.4496793747
52.9493951797
51.9171953201
52.326798439
52.9657793045
52.347278595
52.4496793747
49.9797725677
52.6913452148
52.6258087158
