a75
75.3505897522
75.0925397873
75.6782722473
75.3342056274
75.0925397873
75.866689682
74.9573707581
75.3014373779
75.1457881927
75.3137254715
75.3178215027
75.1785564423
75.7315206528
75.3178215027
75.1990365982
74.8877382278
75.2481889725
75.2850532532
74.8877382278
75.6086397171
75.6577920914
74.9901390076
75.866689682
75.1621723175
75.6618881226
74.8549699783
75.4570865631
74.8222017288
75.366973877
75.4529905319
75.366973877
75.1130199432
74.5805358887
74.9573707581
75.1990365982
75.952706337
75.1621723175
75.2318048477
75.3178215027
75.780673027
75.5062389374
75.1253080368
75.3833580017
75.0925397873
75.3833580017
75.6455039978
75.4529905319
75.0065231323
73.9292669296
75.2645730972
75.3874540329
75.780673027
74.9409866333
75.8503055573
75.4898548126
75.2277088165
75.108923912
75.3546857834
75.2318048477
75.2645730972
75.9568023682
75.5226230621
75.194940567
75.5717754364
76.0551071167
75.2850532532
75.8175373077
75.0761556625
75.780673027
75.1785564423
75.043387413
75.6455039978
75.0761556625
75.6577920914
75.3546857834
75.4529905319
74.9205064774
74.8549699783
73.4787034988
75.9363222122
74.5764398575
76.0551071167
75.3505897522
75.1785564423
75.5431032181
75.4570865631
75.2645730972
76.0551071167
75.4898548126
75.5717754364
75.4366064072
75.5226230621
75.5922555923
75.5062389374
74.9246025085
75.5758714676
75.0106191635
75.215420723
75.3137254715
