a75
75.887169838
74.9041223526
75.4529905319
75.4366064072
76.2271404266
75.9199380875
76.2271404266
75.3710699081
75.3178215027
75.8503055573
76.1452198029
75.3546857834
76.2107563019
75.780673027
75.8298254013
75.4898548126
75.2318048477
75.6946563721
75.0966358185
75.7847690582
74.0808200836
75.8462095261
75.715136528
75.4161262512
75.5758714676
75.6455039978
75.4202222824
75.2481889725
75.952706337
72.9462194443
76.1738920212
75.9363222122
76.4319419861
75.8339214325
74.9901390076
75.3342056274
75.5758714676
75.5922555923
75.3505897522
76.3131570816
75.780673027
75.7642889023
75.7642889023
76.2762928009
75.9199380875
75.5553913116
75.780673027
75.8830738068
76.4688062668
75.8994579315
64.4059944153
75.6455039978
75.6946563721
75.4366064072
75.9363222122
75.3178215027
76.3500213623
76.8620252609
75.8503055573
77.5173902512
75.9158420563
76.3664054871
76.2107563019
75.2481889725
75.4407024384
75.952706337
75.5062389374
75.5226230621
75.887169838
76.1247396469
75.8707857132
75.3997421265
75.7274246216
75.9363222122
75.9854745865
75.7315206528
75.3874540329
75.4734706879
75.5062389374
75.5062389374
75.715136528
75.4202222824
75.4038381577
75.4202222824
75.4202222824
77.4477577209
75.4366064072
76.1943721771
75.6414079666
74.2692375183
73.3066701889
76.1575078964
75.280957222
75.3178215027
75.2318048477
75.9895706177
75.6127357483
76.2803888321
76.0223388672
76.2435245514
76.3664054871
75.5922555923
75.4202222824
76.3786935806
76.1902761459
75.0761556625
76.4360380173
76.4688062668
76.3295412064
76.3131570816
75.8134412766
75.866689682
75.7970571518
76.3295412064
75.7110404968
75.780673027
75.3833580017
75.866689682
76.1575078964
76.3827896118
75.9363222122
75.6946563721
76.3336372375
76.1738920212
75.5390071869
75.4366064072
75.0065231323
75.4038381577
75.952706337
75.4898548126
75.6414079666
75.8134412766
75.801153183
75.866689682
76.1738920212
75.7970571518
77.0545387268
73.1674051285
75.5758714676
75.4693746567
75.6086397171
76.8988895416
75.5267190933
75.5922555923
75.8339214325
75.780673027
75.0270032883
75.866689682
75.3874540329
75.2481889725
75.8830738068
75.3178215027
75.7274246216
75.3505897522
75.7274246216
75.5553913116
75.6577920914
75.5062389374
75.366973877
75.9690904617
75.5922555923
75.4734706879
75.7110404968
75.8503055573
75.366973877
75.6414079666
72.0369005203
75.5553913116
76.2107563019
76.2435245514
75.4366064072
76.0714912415
76.018242836
75.629119873
76.1779880524
75.1130199432
75.3505897522
75.0597715378
75.8503055573
75.3997421265
75.3014373779
75.6946563721
75.1621723175
75.2318048477
75.5594873428
75.0597715378
75.0270032883
76.0714912415
75.5594873428
75.0925397873
75.2318048477
75.3178215027
76.3131570816
75.8134412766
75.6782722473
76.1575078964
75.1130199432
75.3874540329
75.6086397171
75.108923912
75.3342056274
75.2277088165
75.5922555923
75.866689682
76.1411237717
75.7110404968
74.9942350388
75.1253080368
75.3178215027
73.0322360992
75.1990365982
70.881819725
75.215420723
75.1785564423
75.7110404968
75.1785564423
75.3710699081
75.2318048477
75.629119873
75.9895706177
75.2481889725
75.9690904617
75.5553913116
75.6618881226
76.1943721771
75.8175373077
75.952706337
75.2645730972
75.194940567
75.1785564423
75.9690904617
75.9895706177
75.4038381577
75.8994579315
75.043387413
74.9901390076
75.0925397873
75.6127357483
75.0966358185
75.6250238419
75.6455039978
75.1457881927
75.5922555923
75.952706337
75.8298254013
76.0919713974
75.5226230621
75.6086397171
76.1943721771
76.1779880524
75.1457881927
75.1990365982
75.6086397171
75.7479047775
75.9895706177
75.4693746567
75.0106191635
75.3710699081
75.5717754364
75.8339214325
75.9731864929
75.6782722473
75.952706337
76.0714912415
75.5226230621
75.366973877
75.280957222
75.4693746567
75.4366064072
75.194940567
74.1832208633
75.2318048477
75.3342056274
75.8134412766
75.6250238419
75.5594873428
75.3710699081
74.457654953
75.0966358185
75.5553913116
75.9854745865
75.6414079666
76.0387229919
75.3710699081
75.7642889023
75.2481889725
74.5068073273
75.6455039978
75.6946563721
75.4407024384
75.1621723175
74.9737548828
75.0270032883
75.1785564423
75.0761556625
75.2318048477
75.043387413
75.629119873
74.7525691986
75.1785564423
76.0223388672
76.1779880524
75.4407024384
75.8503055573
76.1575078964
75.866689682
75.3546857834
75.366973877
75.2113246918
75.108923912
75.2277088165
75.3833580017
75.8339214325
75.4038381577
76.1779880524
75.0270032883
76.1247396469
75.5881595612
65.0777435303
75.1621723175
75.7642889023
75.9690904617
75.3342056274
75.4857587814
75.3342056274
75.2973413467
75.8339214325
75.7438087463
75.8503055573
75.9690904617
76.2476205826
76.1411237717
76.2066602707
75.3874540329
75.2645730972
75.194940567
77.4477577209
75.2645730972
75.4038381577
75.6250238419
75.4898548126
75.3014373779
75.2318048477
75.3505897522
75.7970571518
75.4529905319
76.1902761459
76.2107563019
75.7642889023
75.9363222122
76.0059547424
76.2435245514
75.6250238419
75.2973413467
75.3833580017
75.3997421265
75.0925397873
75.7110404968
75.3833580017
75.366973877
75.3710699081
75.6414079666
75.6414079666
75.6577920914
76.0714912415
75.1621723175
75.7274246216
74.8181056976
75.4898548126
75.3505897522
75.280957222
75.280957222
75.4693746567
75.3874540329
75.4366064072
75.4407024384
75.6086397171
75.4202222824
75.5062389374
75.194940567
75.2113246918
75.3505897522
75.0966358185
75.3710699081
75.2481889725
75.2850532532
76.1779880524
76.0919713974
75.7274246216
75.780673027
57.2748041153
75.780673027
72.8602027893
75.6946563721
75.2318048477
75.1621723175
75.215420723
75.1253080368
75.6946563721
75.2645730972
75.3342056274
75.5226230621
75.2645730972
75.2973413467
75.2318048477
75.7479047775
75.2645730972
75.3342056274
75.5226230621
76.018242836
76.018242836
75.7274246216
75.043387413
75.1621723175
75.5758714676
76.0551071167
76.0551071167
75.8339214325
75.1130199432
75.4734706879
76.4688062668
75.780673027
75.108923912
75.215420723
75.215420723
75.2973413467
75.5390071869
75.1662683487
75.0065231323
75.6946563721
75.6250238419
75.3178215027
76.2271404266
75.6086397171
75.6987524033
75.7110404968
75.5062389374
75.4202222824
75.1826524734
73.2411336899
75.366973877
75.3178215027
74.9573707581
75.1785564423
75.3014373779
75.0761556625
75.2318048477
75.5922555923
75.5062389374
75.3505897522
75.5553913116
75.4898548126
72.9134511948
75.3505897522
76.0551071167
76.0592031479
76.2435245514
76.1943721771
76.0551071167
75.6086397171
76.0223388672
75.2481889725
75.2481889725
75.280957222
75.5390071869
76.0059547424
75.194940567
76.2435245514
75.0761556625
76.0755872726
76.1247396469
75.5390071869
76.0018587112
76.2066602707
76.2107563019
75.1785564423
75.2973413467
75.043387413
76.0714912415
75.2318048477
75.9035539627
76.1247396469
76.0387229919
75.952706337
75.9690904617
77.5501585007
75.5226230621
76.1575078964
75.2645730972
75.9690904617
76.0223388672
75.6782722473
75.6086397171
76.1779880524
75.952706337
76.0059547424
75.4366064072
76.0919713974
75.7274246216
74.306101799
75.5226230621
75.108923912
75.2481889725
75.6946563721
75.6946563721
75.8134412766
75.4038381577
75.194940567
75.5431032181
76.1943721771
75.3546857834
75.194940567
70.816283226
75.1621723175
75.3342056274
75.108923912
75.2522850037
75.0065231323
75.043387413
74.9901390076
75.6086397171
74.7853374481
71.1071014404
74.9942350388
75.6577920914
75.5553913116
75.129404068
75.2318048477
74.9246025085
75.0761556625
75.2113246918
74.8549699783
81.654381752
75.7274246216
75.8339214325
75.5062389374
76.1411237717
75.4693746567
75.3178215027
73.5114717484
70.7998991013
74.6829366684
75.2318048477
75.2481889725
75.1990365982
75.3342056274
75.3546857834
75.1990365982
75.3505897522
75.5922555923
75.3137254715
75.0761556625
76.1411237717
75.129404068
75.629119873
75.1785564423
75.5758714676
75.0597715378
75.1990365982
75.194940567
75.1785564423
75.4202222824
75.2481889725
75.1621723175
75.6250238419
75.6946563721
75.8994579315
76.1943721771
76.0059547424
75.4898548126
75.6250238419
75.215420723
74.306101799
75.108923912
75.4038381577
75.7110404968
76.0551071167
75.9854745865
75.7438087463
75.6250238419
75.1785564423
75.4202222824
75.6086397171
76.0551071167
76.0059547424
75.0925397873
75.6250238419
75.3505897522
75.043387413
75.1621723175
75.1785564423
75.2686691284
72.0532846451
75.1130199432
75.280957222
75.3014373779
75.2318048477
75.2318048477
75.7315206528
76.0919713974
75.1621723175
75.9035539627
75.2481889725
75.1457881927
75.6086397171
74.4044065475
75.5390071869
75.0597715378
75.3014373779
75.1990365982
75.0597715378
75.5226230621
73.3066701889
75.0229072571
75.9035539627
75.8830738068
75.0392913818
75.6946563721
75.3505897522
75.129404068
74.4085025787
75.3546857834
74.1135883331
75.5553913116
75.108923912
75.0761556625
75.7642889023
75.9690904617
75.5594873428
75.5922555923
75.108923912
75.2481889725
71.9017314911
75.215420723
75.952706337
75.0270032883
75.1253080368
75.4693746567
75.3710699081
75.780673027
75.215420723
74.5477676392
74.8549699783
74.9901390076
75.1785564423
75.9199380875
76.0919713974
75.1253080368
75.043387413
75.0761556625
73.5483360291
76.0551071167
75.1457881927
76.0018587112
75.952706337
75.1457881927
75.0761556625
75.9690904617
75.5062389374
75.8298254013
75.2481889725
75.2481889725
75.0802516937
75.4898548126
75.6577920914
75.0761556625
75.4038381577
74.8508739471
74.8713541031
75.0925397873
75.129404068
75.8503055573
75.2645730972
75.1785564423
75.0106191635
74.7689533234
75.5062389374
75.8994579315
75.1621723175
76.0018587112
75.3710699081
75.280957222
76.0714912415
75.3342056274
74.7320890427
75.5922555923
75.366973877
75.5758714676
75.5226230621
76.2107563019
75.4693746567
75.0802516937
71.1931180954
75.6086397171
75.1621723175
75.5267190933
75.952706337
75.4366064072
74.4044065475
75.9199380875
75.215420723
75.4202222824
75.6946563721
75.715136528
74.6296882629
75.0229072571
75.1990365982
75.5390071869
75.9363222122
75.9199380875
75.4366064072
75.043387413
75.5390071869
74.9737548828
74.9368906021
75.5062389374
74.6296882629
75.3710699081
75.194940567
75.866689682
75.5594873428
75.129404068
75.280957222
75.0761556625
75.6741762161
75.129404068
75.0106191635
75.932226181
75.2850532532
75.4407024384
75.6127357483
75.194940567
75.7479047775
75.8830738068
76.0018587112
74.8181056976
76.1083555222
75.5881595612
74.7157049179
75.8503055573
75.215420723
75.5717754364
75.3014373779
75.7642889023
75.129404068
75.0597715378
75.3833580017
75.7438087463
75.0270032883
75.9895706177
75.5062389374
74.9368906021
72.9953718185
75.5390071869
76.3131570816
75.5594873428
75.0270032883
79.7497272491
75.1785564423
76.5015745163
74.9737548828
75.0229072571
75.129404068
75.1785564423
75.952706337
75.280957222
75.1662683487
75.8830738068
75.043387413
75.1457881927
75.4038381577
75.2318048477
75.7642889023
75.6618881226
75.4570865631
73.9579391479
75.2850532532
76.452422142
75.2686691284
75.5390071869
75.3342056274
75.5758714676
75.129404068
75.7642889023
74.8017215729
75.0270032883
75.0065231323
75.9363222122
75.5062389374
75.5390071869
75.1621723175
75.9854745865
75.780673027
75.0966358185
75.2481889725
75.5553913116
75.6250238419
75.3178215027
75.3342056274
75.9363222122
75.7479047775
75.0597715378
75.866689682
75.3342056274
76.2762928009
74.9737548828
75.3178215027
75.9731864929
74.8877382278
75.8503055573
74.7812414169
75.1130199432
76.2476205826
74.6788406372
76.1616039276
75.2318048477
75.1826524734
76.1411237717
75.1990365982
74.7320890427
75.6782722473
75.7110404968
76.1083555222
75.2686691284
73.3599185944
75.7479047775
75.5553913116
75.5267190933
75.0597715378
75.4202222824
76.1411237717
75.0761556625
75.4529905319
76.0223388672
75.9158420563
75.2481889725
75.1621723175
75.129404068
75.3342056274
75.7601928711
75.5553913116
75.1990365982
76.2599086761
76.0223388672
76.0755872726
76.1779880524
75.3178215027
75.4529905319
75.2277088165
75.1990365982
75.7438087463
75.3014373779
75.7315206528
75.5922555923
75.3505897522
75.7274246216
75.6086397171
76.4155578613
75.5267190933
75.5062389374
75.4529905319
75.6086397171
72.7578020096
73.9251708984
75.3874540329
75.8503055573
75.4038381577
76.2435245514
75.1621723175
75.7315206528
75.3178215027
75.8298254013
75.129404068
76.1083555222
73.7162733078
75.4038381577
76.0059547424
75.7642889023
75.3178215027
75.8175373077
75.8339214325
76.1575078964
75.9854745865
75.3342056274
75.2973413467
76.3991737366
76.0714912415
75.2850532532
76.0059547424
75.4570865631
75.3710699081
76.2476205826
75.2645730972
75.1785564423
75.4202222824
76.2803888321
76.0551071167
75.6086397171
76.1247396469
76.2803888321
75.2481889725
75.9854745865
75.0229072571
77.4313735962
75.6946563721
75.0966358185
75.6946563721
76.1575078964
75.6455039978
75.5758714676
76.2107563019
75.2318048477
75.6618881226
78.1154108047
76.0387229919
75.3342056274
75.108923912
75.2113246918
76.1738920212
75.5594873428
75.3505897522
75.1785564423
75.129404068
75.6455039978
75.194940567
75.866689682
76.1616039276
75.3833580017
75.6414079666
75.129404068
76.2271404266
76.0714912415
74.4904232025
75.780673027
75.7847690582
75.2318048477
76.0059547424
75.9854745865
75.2318048477
75.194940567
75.3997421265
75.3342056274
75.6782722473
75.1990365982
75.2481889725
75.2973413467
75.2318048477
74.6296882629
76.0387229919
76.1738920212
76.0387229919
75.3874540329
75.2318048477
76.0919713974
69.0467977524
76.0223388672
75.2645730972
75.2686691284
75.7970571518
75.215420723
74.5641517639
75.0925397873
76.2107563019
76.2476205826
76.0387229919
73.785905838
75.1130199432
75.6455039978
75.0761556625
76.1411237717
76.538438797
76.0755872726
75.4202222824
75.715136528
75.3178215027
75.108923912
75.5922555923
76.1411237717
76.1411237717
75.8298254013
75.3342056274
75.6782722473
75.3178215027
75.366973877
75.2481889725
75.4898548126
75.3342056274
75.4366064072
75.1457881927
75.4570865631
75.5758714676
75.9199380875
74.1299724579
75.3178215027
75.2113246918
74.9409866333
77.3945093155
75.3505897522
76.2762928009
76.1575078964
75.5226230621
75.7438087463
75.5717754364
74.9041223526
75.7970571518
74.2528533936
75.0761556625
74.8385858536
75.4529905319
74.0439558029
75.2318048477
76.1247396469
75.8503055573
76.0919713974
75.6782722473
75.5922555923
75.2318048477
76.1411237717
75.8298254013
75.3710699081
75.5431032181
73.6302566528
75.3710699081
75.9035539627
73.720369339
73.4787034988
75.9363222122
75.952706337
75.2645730972
76.1779880524
75.7601928711
76.1943721771
75.3833580017
75.4407024384
75.280957222
75.0597715378
76.1411237717
75.715136528
76.0223388672
76.0755872726
76.2967729568
76.0878753662
76.1779880524
76.0755872726
75.1621723175
75.3342056274
75.3997421265
75.4038381577
75.2318048477
76.0551071167
75.629119873
76.0059547424
76.1247396469
70.6974983215
75.5553913116
75.5922555923
75.9690904617
76.0714912415
75.952706337
75.2481889725
75.0925397873
75.129404068
75.1621723175
75.043387413
75.0761556625
75.129404068
74.9901390076
75.1457881927
75.0761556625
75.4366064072
75.0761556625
75.952706337
76.0387229919
75.5553913116
75.5717754364
75.4570865631
75.952706337
76.0755872726
75.2973413467
76.0919713974
75.0761556625
75.8339214325
75.5594873428
75.2113246918
75.0925397873
75.2481889725
75.1130199432
75.4038381577
75.366973877
75.215420723
75.3178215027
75.5062389374
75.129404068
75.6946563721
75.8503055573
74.9532747269
75.9854745865
75.0966358185
75.0065231323
75.4366064072
75.1253080368
75.5717754364
75.129404068
76.1083555222
76.2271404266
75.5226230621
75.9854745865
75.6455039978
74.1668367386
74.9737548828
75.6455039978
75.8503055573
75.215420723
71.0047006607
75.2481889725
75.5226230621
75.5390071869
75.5553913116
75.1621723175
75.866689682
75.6086397171
75.2481889725
75.0106191635
75.043387413
74.7361850739
75.9199380875
75.1457881927
75.4407024384
75.1785564423
75.5267190933
75.1457881927
75.1457881927
75.0229072571
75.129404068
74.7689533234
70.7630348206
73.5974884033
75.3178215027
75.2318048477
76.1083555222
75.2481889725
75.7601928711
75.5922555923
75.6577920914
75.780673027
75.2973413467
75.2645730972
75.3178215027
75.108923912
75.5062389374
75.4407024384
75.2973413467
75.215420723
75.2686691284
75.3505897522
75.0556755066
75.6086397171
76.1575078964
76.1083555222
75.280957222
75.5553913116
75.4898548126
75.108923912
75.5390071869
75.5226230621
75.4734706879
75.9690904617
75.4570865631
74.9368906021
75.3014373779
75.5594873428
75.1621723175
75.215420723
75.5226230621
74.8549699783
75.7642889023
74.8549699783
75.194940567
75.2645730972
75.8830738068
75.4202222824
75.6250238419
75.5226230621
75.3178215027
75.6250238419
75.2481889725
75.2481889725
74.8017215729
75.3178215027
75.1416921616
75.194940567
75.108923912
75.3710699081
75.4898548126
75.3833580017
75.1990365982
75.5922555923
75.3342056274
75.3342056274
75.5758714676
75.3178215027
75.5717754364
75.366973877
76.1247396469
75.129404068
75.129404068
74.8713541031
75.5390071869
75.801153183
75.6250238419
75.1785564423
75.780673027
75.1990365982
75.0597715378
76.1083555222
75.3137254715
75.715136528
75.7642889023
75.7970571518
75.2318048477
75.3014373779
76.2640047073
75.6086397171
75.3014373779
75.9690904617
76.1738920212
75.366973877
75.4366064072
75.280957222
76.2107563019
75.2481889725
75.1826524734
75.9035539627
76.0919713974
75.2645730972
74.7853374481
75.4898548126
75.8134412766
75.3178215027
75.1621723175
75.3546857834
74.6501684189
75.2318048477
74.609208107
75.5758714676
75.2318048477
75.2973413467
75.0761556625
75.6250238419
75.5553913116
75.4366064072
75.129404068
75.6946563721
74.8877382278
74.609208107
75.6250238419
75.8830738068
75.866689682
75.6618881226
75.3505897522
75.8707857132
75.5758714676
75.043387413
75.4366064072
75.4366064072
75.8175373077
75.2318048477
75.0229072571
75.4857587814
75.0392913818
75.0106191635
75.5922555923
75.8503055573
75.2318048477
75.2277088165
74.8181056976
75.2318048477
75.194940567
73.4459352493
75.8503055573
75.5062389374
75.1253080368
75.3505897522
76.1083555222
75.280957222
75.5758714676
76.0059547424
75.6946563721
75.6782722473
75.4857587814
75.3874540329
76.1575078964
75.2481889725
75.7274246216
75.3178215027
76.3131570816
75.9690904617
74.609208107
76.0714912415
76.1779880524
76.0878753662
75.6618881226
75.1416921616
76.0714912415
75.5922555923
75.3178215027
75.4038381577
75.6782722473
74.8549699783
75.4529905319
75.4366064072
75.129404068
75.8994579315
75.8298254013
76.1411237717
76.0551071167
76.1575078964
75.9199380875
75.7642889023
75.2318048477
75.6946563721
75.215420723
74.9737548828
76.0551071167
75.2481889725
75.6946563721
76.1902761459
75.8298254013
74.8877382278
75.4038381577
75.215420723
75.4734706879
75.1990365982
75.5062389374
76.1411237717
75.1990365982
74.8222017288
75.2481889725
75.6577920914
75.1253080368
76.2312364578
76.1247396469
74.9246025085
75.194940567
75.1990365982
75.8503055573
75.366973877
75.6086397171
76.0223388672
75.6946563721
72.7086496353
74.2364692688
75.1253080368
75.1130199432
75.1457881927
75.2481889725
75.6250238419
76.2476205826
75.4202222824
76.1083555222
76.0223388672
75.2318048477
76.0018587112
76.0714912415
75.3342056274
75.3178215027
75.6946563721
75.5758714676
75.629119873
75.043387413
75.1253080368
75.1621723175
75.0761556625
75.1130199432
75.1826524734
75.5226230621
75.2481889725
75.215420723
76.1083555222
75.1621723175
75.043387413
75.6086397171
75.5431032181
74.9041223526
75.5922555923
74.9246025085
75.5390071869
75.2686691284
75.108923912
75.0229072571
75.3014373779
75.1457881927
75.4202222824
75.1457881927
75.5390071869
74.9246025085
75.194940567
75.0597715378
76.5179586411
75.194940567
74.9573707581
75.3505897522
75.9363222122
75.1990365982
76.0714912415
76.1575078964
75.6086397171
75.6782722473
75.7479047775
76.0878753662
75.4529905319
75.1990365982
74.8713541031
75.0925397873
74.8713541031
75.3178215027
74.7689533234
75.1785564423
75.5062389374
75.780673027
75.5062389374
75.1130199432
75.6782722473
75.0925397873
75.1457881927
75.0925397873
75.7315206528
75.129404068
75.0925397873
75.0270032883
75.0966358185
75.3833580017
75.6618881226
75.0106191635
75.6086397171
75.9895706177
75.5062389374
75.0229072571
75.1621723175
75.280957222
75.5881595612
75.3710699081
75.6618881226
75.2973413467
75.1990365982
75.4202222824
75.7438087463
75.0925397873
75.6250238419
76.0755872726
75.8339214325
75.2481889725
75.6086397171
75.715136528
75.4366064072
75.6946563721
75.9895706177
75.9690904617
75.7315206528
75.4734706879
76.0387229919
75.2318048477
75.2645730972
75.5758714676
75.215420723
75.129404068
75.043387413
75.2318048477
75.0229072571
75.5431032181
74.8508739471
75.5390071869
75.9363222122
75.9854745865
75.5922555923
75.1990365982
75.3178215027
75.4570865631
77.8942251205
76.1738920212
75.5922555923
76.1206436157
75.7642889023
76.1575078964
76.0223388672
76.1738920212
75.0270032883
75.9854745865
75.1621723175
75.5758714676
75.4898548126
75.2973413467
75.6987524033
75.8503055573
76.0919713974
75.952706337
75.715136528
75.7110404968
75.6782722473
74.9901390076
75.2318048477
75.9158420563
75.1621723175
75.8830738068
75.215420723
75.780673027
75.5226230621
75.2481889725
76.1779880524
75.6414079666
75.6782722473
75.5758714676
75.215420723
75.6414079666
75.7479047775
75.215420723
75.0556755066
75.215420723
75.3997421265
75.6086397171
75.1785564423
75.8134412766
75.043387413
75.4202222824
75.3874540329
75.280957222
75.4366064072
75.1785564423
75.2318048477
75.9363222122
75.7315206528
75.5390071869
75.3014373779
76.1247396469
76.0878753662
69.5956659317
76.0755872726
75.3342056274
75.9363222122
74.9737548828
75.1457881927
75.3505897522
75.4529905319
76.3295412064
75.2113246918
75.780673027
75.9158420563
75.7274246216
75.9363222122
74.1340684891
75.3342056274
75.2481889725
75.2686691284
75.4529905319
76.0018587112
75.5390071869
75.6577920914
75.866689682
75.3014373779
75.5226230621
75.129404068
75.6618881226
76.2107563019
75.4202222824
75.9199380875
75.6250238419
75.0065231323
75.8339214325
75.9854745865
76.3500213623
76.4155578613
76.0018587112
75.7110404968
76.3131570816
75.280957222
75.5062389374
75.4898548126
75.8503055573
75.5594873428
75.9158420563
75.780673027
75.4038381577
75.8994579315
76.0059547424
75.6455039978
75.3874540329
75.932226181
75.7110404968
75.3997421265
75.5226230621
75.8830738068
74.9041223526
76.2107563019
75.6086397171
75.801153183
75.4038381577
75.3505897522
75.2973413467
75.3505897522
75.3342056274
75.3505897522
75.3874540329
75.7970571518
76.3991737366
75.4202222824
75.2850532532
75.4038381577
75.4366064072
76.2967729568
75.9199380875
76.2967729568
75.780673027
75.7970571518
75.7970571518
75.4038381577
76.1902761459
76.3131570816
75.5226230621
75.0925397873
75.4693746567
75.3342056274
75.9199380875
75.7479047775
75.366973877
75.866689682
75.6946563721
73.9251708984
75.5390071869
76.2803888321
75.2850532532
75.5062389374
75.4202222824
75.4898548126
75.7110404968
75.780673027
75.3546857834
75.366973877
75.4898548126
75.3874540329
75.7274246216
75.2645730972
75.3874540329
75.280957222
75.2481889725
75.7970571518
75.7642889023
75.3342056274
75.3874540329
75.7970571518
75.3342056274
75.7110404968
75.3137254715
75.3833580017
75.3137254715
71.5904331207
76.2107563019
76.2435245514
75.8339214325
75.4038381577
75.3342056274
75.9199380875
72.6881694794
75.6782722473
75.8503055573
76.0919713974
76.1083555222
75.280957222
75.0392913818
75.1253080368
75.5226230621
75.5062389374
75.3342056274
75.3342056274
75.8175373077
75.0761556625
75.8462095261
75.8503055573
75.2645730972
76.104259491
76.0714912415
75.5390071869
75.9895706177
75.8134412766
75.3710699081
76.0387229919
75.2645730972
75.129404068
74.3183898926
75.4366064072
75.3874540329
75.3178215027
75.8503055573
75.4898548126
75.4693746567
75.4038381577
75.3342056274
75.4202222824
75.2645730972
75.280957222
76.0387229919
75.7315206528
75.9035539627
76.2967729568
75.629119873
75.2113246918
69.1000461578
76.1411237717
75.4529905319
75.3710699081
75.4366064072
75.7642889023
75.5553913116
75.6782722473
75.2645730972
75.7970571518
75.4898548126
76.2435245514
75.952706337
75.5922555923
75.5553913116
75.8503055573
75.9690904617
75.1990365982
75.3997421265
75.366973877
75.5717754364
75.6250238419
75.8994579315
75.3874540329
75.4366064072
75.4734706879
75.3014373779
75.8298254013
75.7642889023
75.215420723
75.6782722473
75.2481889725
75.1130199432
75.9199380875
75.3833580017
75.8503055573
75.5062389374
75.280957222
76.018242836
76.1083555222
75.780673027
76.1247396469
76.2762928009
75.4407024384
74.8385858536
71.488032341
75.1130199432
75.8339214325
75.3505897522
75.1785564423
75.3710699081
75.6618881226
76.0919713974
75.6946563721
75.629119873
75.8134412766
75.780673027
75.8175373077
75.4202222824
75.3342056274
75.5062389374
75.5431032181
76.4851903915
75.4202222824
75.6250238419
76.1616039276
76.1083555222
76.2312364578
72.5161361694
75.5226230621
75.4898548126
75.3342056274
75.3505897522
75.4202222824
75.2481889725
76.3131570816
76.2599086761
76.2435245514
75.0229072571
75.7601928711
75.3505897522
75.3710699081
75.866689682
75.2318048477
75.6946563721
75.6618881226
75.7438087463
75.6782722473
75.9035539627
75.866689682
75.3833580017
75.7847690582
76.2271404266
75.5594873428
75.7110404968
76.1779880524
75.6782722473
75.6455039978
75.7110404968
75.2277088165
75.2645730972
74.8344898224
75.3014373779
75.3874540329
74.8181056976
