a75
75.6946563721
75.3710699081
75.5717754364
74.6993207932
75.7642889023
75.7274246216
74.9737548828
74.9409866333
75.3505897522
75.4366064072
75.4734706879
75.4734706879
75.2645730972
76.0919713974
75.6414079666
75.4202222824
75.3833580017
75.4898548126
75.5226230621
75.9158420563
75.1785564423
75.952706337
75.0229072571
75.4407024384
74.8549699783
74.9082183838
75.0761556625
75.780673027
75.7970571518
75.0761556625
75.0270032883
75.7315206528
75.4202222824
75.3505897522
75.0597715378
75.1457881927
74.8877382278
74.9041223526
74.9246025085
75.4734706879
75.5553913116
75.3178215027
75.8994579315
75.8830738068
74.6993207932
75.215420723
75.6782722473
74.9901390076
75.0597715378
74.9041223526
74.8181056976
75.8830738068
75.0966358185
74.8877382278
75.1621723175
75.0065231323
75.0597715378
75.366973877
75.5390071869
72.0532846451
75.3874540329
75.4529905319
75.5758714676
75.194940567
75.2318048477
75.4038381577
75.2318048477
75.0229072571
75.4038381577
75.4898548126
75.5226230621
75.4857587814
75.629119873
75.8339214325
75.9854745865
75.4038381577
75.0270032883
75.5226230621
75.6782722473
75.215420723
75.0065231323
75.0270032883
75.4570865631
75.9690904617
75.7601928711
75.5226230621
75.3342056274
74.9737548828
75.043387413
75.2522850037
75.887169838
75.215420723
75.2973413467
75.6946563721
75.2686691284
75.0065231323
75.7970571518
75.7601928711
75.5267190933
76.0551071167
75.5922555923
71.8443870544
76.018242836
74.9737548828
74.9041223526
75.1457881927
75.4366064072
76.018242836
75.3342056274
75.2318048477
75.4734706879
75.780673027
75.3710699081
75.3342056274
75.3710699081
75.4202222824
75.7274246216
